zika_code/texas.albopictus.asc
NCOLS 160 
NROWS 130 
XLLCORNER -106.666544117647 
YLLCORNER 25.8061333333333 
CELLSIZE 0.081985294117647 
NODATA_value -9999 
[rows 42 to 62 of 130, columns 46 to 91 of 160]
0.340617626905441 0.272550940513611 0.40826877951622 0.211473941802979 0.334223866462708 0.379039406776428 0.417971253395081 0.257939904928207 0.248655423521996 0.246262237429619 0.264707297086716 0.346792757511139 0.386010050773621 0.313960134983063 0.16447539627552 0.278327882289886 0.369826316833496 0.228419825434685 0.324562281370163 0.298334240913391 0.386141985654831 0.237127408385277 0.53776353597641 0.353897571563721 0.37848311662674 0.585638046264648 0.537313461303711 0.613064050674438 0.504090905189514 0.480880886316299 0.471027702093124 0.333350002765656 0.598460614681244 0.504526615142822 0.547308385372162 0.722802221775055 0.593657851219177 0.573217630386353 0.592540800571442 0.419655472040176 0.665034234523773 0.570364832878113 0.719209134578705 0.701517164707184 0.778652966022491 0.609186410903931
0.298881202936172 0.105763204395771 0.398518323898315 0.365604639053345 0.31051567196846 0.321243703365326 0.40484231710434 0.265926867723465 0.276975512504578 0.149676308035851 0.232541337609291 0.252482980489731 0.433057487010956 0.422326236963272 0.315088123083115 0.25505542755127 0.188377425074577 0.385627031326294 0.342602968215942 0.295121729373932 0.220316633582115 0.403547734022141 0.448175936937332 0.450760245323181 0.465683460235596 0.572237014770508 0.545628607273102 0.541999518871307 0.546290457248688 0.414278030395508 0.40909332036972 0.504381716251373 0.547725975513458 0.542351901531219 0.549194693565369 0.624893665313721 0.555715322494507 0.59807950258255 0.736374318599701 0.737227916717529 0.735272765159607 0.70901221036911 0.73063325881958 0.584739446640015 0.617958426475525 0.382584452629089
0.397140055894852 0.390317648649216 0.295878916978836 0.254342555999756 0.182082131505013 0.370413839817047 0.181079432368279 0.213308289647102 0.34323513507843 0.203420370817184 0.327156573534012 0.193424329161644 0.428136914968491 0.266702234745026 0.408299922943115 0.25201752781868 0.205126285552979 0.384050399065018 0.348258465528488 0.239167913794518 0.370366930961609 0.25899139046669 0.303222805261612 0.310379356145859 0.510994851589203 0.510128200054169 0.336322695016861 0.482120275497437 0.312992781400681 0.481744587421417 0.498063772916794 0.481360018253326 0.539230525493622 0.594827651977539 0.716399848461151 0.588414669036865 0.561083376407623 0.587033152580261 0.727296769618988 0.716845989227295 0.708747684955597 0.715003848075867 0.717872500419617 0.708001852035522 0.750073909759521 0.386996388435364
0.559858977794647 0.553846061229706 0.538871884346008 0.314655125141144 0.164133548736572 0.335767090320587 0.348864078521729 0.4178526699543 0.202118471264839 0.279667437076569 0.223941832780838 0.283068865537643 0.167129158973694 0.304005175828934 0.418545633554459 0.471262991428375 0.30391862988472 0.320789515972137 0.284215301275253 0.287907153367996 0.431932240724564 0.514126241207123 0.417800754308701 0.22615921497345 0.511582374572754 0.507593214511871 0.313676863908768 0.768617510795593 0.651265442371368 0.621005296707153 0.491817355155945 0.681158006191254 0.566845536231995 0.619839310646057 0.746980428695679 0.61471152305603 0.549253761768341 0.34002023935318 0.71154797077179 0.714375555515289 0.705831706523895 0.504375994205475 0.36150273680687 0.589130997657776 0.619492888450623 0.332658350467682
0.245274588465691 0.353414922952652 0.501671671867371 0.355268865823746 0.301877915859222 0.201487302780151 0.485884100198746 0.40851241350174 0.353270143270493 0.295251846313477 0.178295150399208 0.23374055325985 0.12862703204155 0.133049577474594 0.194556549191475 0.570600390434265 0.435477167367935 0.454124391078949 0.446578830480576 0.356420338153839 0.478296458721161 0.286475270986557 0.400940209627151 0.529659688472748 0.358000963926315 0.436213076114655 0.455116182565689 0.614506244659424 0.680898666381836 0.763809263706207 0.710381329059601 0.731979846954346 0.595884263515472 0.666586935520172 0.5217165350914 0.720314741134644 0.719211935997009 0.599579393863678 0.719701111316681 0.730111718177795 0.55019623041153 0.653309285640717 0.592918276786804 0.596527338027954 0.645887672901154 0.319739401340485
0.21411657333374 0.19940073788166 0.456064105033875 0.15172603726387 0.281429171562195 0.262959063053131 0.331624865531921 0.363168627023697 0.131838470697403 0.240808263421059 0.279617846012115 0.261910617351532 0.171965003013611 0.256621122360229 0.171235665678978 0.257532566785812 0.358714699745178 0.43267035484314 0.284452825784683 0.480069905519485 0.429663687944412 0.437219232320786 0.361065804958344 0.325295507907867 0.381078124046326 0.365081042051315 0.415095776319504 0.36976745724678 0.685991704463959 0.474654793739319 0.516132414340973 0.520589292049408 0.586369872093201 0.73527067899704 0.64209508895874 0.578863203525543 0.730431318283081 0.503190040588379 0.715893805027008 0.725333750247955 0.767931818962097 0.657646596431732 0.59590607881546 0.545381605625153 0.524691641330719 0.502533853054047
0.120653323829174 0.0794070810079575 0.0815244019031525 0.172749862074852 0.285505652427673 0.287158995866776 0.281772553920746 0.38305139541626 0.216470777988434 0.168001294136047 0.248254284262657 0.197419092059135 0.256436675786972 0.177248671650887 0.11174288392067 0.238463953137398 0.422964721918106 0.267827302217484 0.380552560091019 0.522987544536591 0.437183558940887 0.241371065378189 0.294921338558197 0.433639287948608 0.542595148086548 0.445001393556595 0.382102340459824 0.422621667385101 0.481058865785599 0.63918799161911 0.541795074939728 0.564403057098389 0.569130003452301 0.568883657455444 0.557547807693481 0.546522080898285 0.570470571517944 0.705740213394165 0.72157233953476 0.737346172332764 0.72503662109375 0.845623016357422 0.843822836875916 0.859788119792938 0.728828966617584 0.360930591821671
0.185719907283783 0.0733309611678123 0.0772458016872406 0.0781188160181046 0.0949096754193306 0.0769123733043671 0.208754822611809 0.208975955843925 0.105605155229568 0.105978958308697 0.246959313750267 0.118720531463623 0.114747889339924 0.177124321460724 0.16283892095089 0.226156368851662 0.328701823949814 0.333257853984833 0.172491133213043 0.321609765291214 0.378439217805862 0.295635849237442 0.402327746152878 0.465893000364304 0.534229397773743 0.375104337930679 0.391761422157288 0.406914889812469 0.556021392345428 0.424820005893707 0.675265252590179 0.537852466106415 0.718432486057281 0.831291139125824 0.794281661510468 0.754767596721649 0.67415863275528 0.499000906944275 0.719631195068359 0.752872824668884 0.8371262550354 0.840352416038513 0.851017117500305 0.840838193893433 0.771498560905457 0.373216897249222
0.0748692080378532 0.0765622854232788 0.0786299183964729 0.0817802399396896 0.110814020037651 0.0793157890439034 0.0802787691354752 0.236785173416138 0.0988505035638809 0.108956284821033 0.112336330115795 0.118767529726028 0.114736437797546 0.114957422018051 0.12693578004837 0.296937108039856 0.423774540424347 0.307853192090988 0.32682204246521 0.294587284326553 0.406093090772629 0.318134397268295 0.52666449546814 0.407783210277557 0.314382791519165 0.456082284450531 0.419467717409134 0.423945605754852 0.73097836971283 0.755848586559296 0.672482192516327 0.539541661739349 0.69736921787262 0.731910824775696 0.496436178684235 0.694524943828583 0.560000360012054 0.728776931762695 0.732661426067352 0.727226912975311 0.757135987281799 0.77170467376709 0.743735373020172 0.792971849441528 0.716655313968658 0.779845774173737
0.0561459362506866 0.0573386959731579 0.0765641108155251 0.1057098954916 0.0966513231396675 0.132493704557419 0.0940183997154236 0.242918983101845 0.399913161993027 0.355054914951324 0.244552344083786 0.118760332465172 0.11483509093523 0.116869904100895 0.339379280805588 0.391464561223984 0.251851856708527 0.187622800469398 0.437578618526459 0.471980720758438 0.315797686576843 0.615911364555359 0.675565659999847 0.702679753303528 0.65127420425415 0.481298267841339 0.456489711999893 0.562821865081787 0.833597183227539 0.721988201141357 0.740451574325562 0.539260149002075 0.481709718704224 0.507910907268524 0.585354208946228 0.732186079025269 0.732098698616028 0.737958490848541 0.75663959980011 0.5670046210289 0.766670823097229 0.861961603164673 0.853376746177673 0.747652769088745 0.726232945919037 0.690350234508514
0.066391758620739 0.0664128288626671 0.0688205435872078 0.0758244171738625 0.083317331969738 0.0788231492042542 0.10869262367487 0.0794416815042496 0.0830666050314903 0.090375654399395 0.10926116257906 0.107433386147022 0.114904887974262 0.268013745546341 0.328070521354675 0.486252695322037 0.304680705070496 0.488384157419205 0.312307357788086 0.49691978096962 0.60957396030426 0.752258121967316 0.758122324943542 0.756464898586273 0.412476480007172 0.516414999961853 0.495792955160141 0.566092789173126 0.581766486167908 0.537275016307831 0.631210386753082 0.532959520816803 0.701146721839905 0.579605996608734 0.491745352745056 0.48120379447937 0.520970821380615 0.348987817764282 0.566733777523041 0.690914809703827 0.683872699737549 0.681684494018555 0.762095808982849 0.702243626117706 0.594613492488861 0.542909443378448
0.0354354903101921 0.0365519933402538 0.0362694673240185 0.0733736827969551 0.0883988216519356 0.0802186280488968 0.0821247175335884 0.07887202501297 0.0935364589095116 0.0917105600237846 0.111730664968491 0.11823046952486 0.145795881748199 0.110565282404423 0.138166934251785 0.355248898267746 0.281080573797226 0.422755777835846 0.302333265542984 0.449025928974152 0.540636718273163 0.636754095554352 0.734895467758179 0.463366359472275 0.442138612270355 0.348787277936935 0.370203375816345 0.473366647958755 0.575590491294861 0.393168359994888 0.404780805110931 0.400179833173752 0.52036464214325 0.55352371931076 0.502206385135651 0.596557199954987 0.526071012020111 0.612172722816467 0.751598834991455 0.757063686847687 0.600280404090881 0.735907733440399 0.604504883289337 0.616160750389099 0.578877389431 0.640799403190613
0.0317478254437447 0.034559290856123 0.0285337828099728 0.0678195804357529 0.087909996509552 0.0878286138176918 0.0808907374739647 0.0893464758992195 0.0932871997356415 0.0877784043550491 0.111515492200851 0.45106166601181 0.243156582117081 0.614974975585938 0.5165154337883 0.412283390760422 0.396509110927582 0.228806167840958 0.451107740402222 0.437474817037582 0.572324216365814 0.412862777709961 0.468017011880875 0.319934606552124 0.32782506942749 0.472450882196426 0.376056700944901 0.398780971765518 0.539807498455048 0.402136594057083 0.54470294713974 0.547062516212463 0.436649799346924 0.542065024375916 0.626910805702209 0.868589162826538 0.622991263866425 0.743548631668091 0.554402887821198 0.566307425498962 0.748157441616058 0.731316387653351 0.609879434108734 0.651461184024811 0.761508405208588 0.779661357402802
0.0101425545290112 0.0201069507747889 0.0628551542758942 0.0862130522727966 0.100569874048233 0.0945041999220848 0.0842438414692879 0.0878815874457359 0.0930331349372864 0.213949635624886 0.21115417778492 0.229259088635445 0.403797477483749 0.464590281248093 0.409983962774277 0.638139843940735 0.503570199012756 0.173219978809357 0.389094054698944 0.421334713697433 0.278473287820816 0.417042046785355 0.262407124042511 0.41531565785408 0.456655353307724 0.390534311532974 0.55858701467514 0.607038617134094 0.653327822685242 0.743427515029907 0.639889240264893 0.577259123325348 0.566941797733307 0.538642048835754 0.620917856693268 0.56253057718277 0.738719820976257 0.588375508785248 0.603505730628967 0.754676580429077 0.724928438663483 0.391056329011917 0.626448690891266 0.762536942958832 0.659437417984009 0.582094609737396
0.00847295764833689 0.0282699353992939 0.0287182275205851 0.0324575677514076 0.0364265814423561 0.0850774496793747 0.125841304659843 0.105150066316128 0.213635385036469 0.256089180707932 0.392812669277191 0.372988343238831 0.390715807676315 0.220665112137794 0.318622469902039 0.378326028585434 0.142442598938942 0.487335056066513 0.225224182009697 0.201346918940544 0.251628339290619 0.248759865760803 0.605923354625702 0.258770376443863 0.30436834692955 0.501566588878632 0.553295135498047 0.421200275421143 0.411791175603867 0.555755794048309 0.618907690048218 0.637284636497498 0.712085425853729 0.572522103786469 0.637036502361298 0.582186758518219 0.545385301113129 0.583160281181335 0.545482575893402 0.627254366874695 0.735728681087494 0.57881361246109 0.751981317996979 0.674831032752991 0.780693471431732 0.592812359333038
0.00754042435437441 0.0237649083137512 0.0305386018007994 0.0216553620994091 0.0352494567632675 0.0737339407205582 0.0952786281704903 0.101167894899845 0.246771410107613 0.297613978385925 0.354787290096283 0.476217746734619 0.363799452781677 0.11147228628397 0.199943035840988 0.107501305639744 0.131129801273346 0.142119511961937 0.228816658258438 0.178951248526573 0.335729390382767 0.406199336051941 0.422586530447006 0.600002706050873 0.46840238571167 0.458517968654633 0.564888536930084 0.703829824924469 0.376488715410233 0.422348767518997 0.602278053760529 0.630426168441772 0.648133993148804 0.539723098278046 0.563709676265717 0.727525651454926 0.731939673423767 0.701403439044952 0.564042508602142 0.530947029590607 0.411817222833633 0.452037483453751 0.557383418083191 0.766378164291382 0.768734335899353 0.839186728000641
0.00946662854403257 0.0262135751545429 0.0108769778162241 0.0101470798254013 0.036651786416769 0.0662536770105362 0.0854519903659821 0.0959768444299698 0.387242197990417 0.0939936637878418 0.0934867784380913 0.0929321646690369 0.116138122975826 0.12097205966711 0.233733117580414 0.171027824282646 0.115041390061378 0.131624966859818 0.192957922816277 0.335547000169754 0.361764639616013 0.291255861520767 0.255522638559341 0.246942490339279 0.354830622673035 0.502622187137604 0.514866292476654 0.323538452386856 0.328316181898117 0.50411468744278 0.390632718801498 0.589338660240173 0.619247138500214 0.650530636310577 0.563059270381927 0.579787731170654 0.485666334629059 0.497769206762314 0.721092104911804 0.524215877056122 0.62011706829071 0.64788144826889 0.455425411462784 0.575938403606415 0.741388499736786 0.531885743141174
0.00756091298535466 0.00811280589550734 0.020984286442399 0.0445703491568565 0.14800950884819 0.121042639017105 0.0893142744898796 0.0927226319909096 0.0990678444504738 0.0946127623319626 0.136798024177551 0.0945953354239464 0.122554503381252 0.120332017540932 0.1191096752882 0.160548746585846 0.11176098883152 0.396425724029541 0.214967966079712 0.316494286060333 0.306791394948959 0.541931867599487 0.207059428095818 0.309923470020294 0.293989956378937 0.312659978866577 0.331146657466888 0.327894508838654 0.502417147159576 0.476113975048065 0.648353219032288 0.58075886964798 0.546966254711151 0.536602854728699 0.39893701672554 0.64316326379776 0.636527895927429 0.612357795238495 0.490874797105789 0.6937375664711 0.601488471031189 0.483737885951996 0.610790133476257 0.62155681848526 0.382627159357071 0.493602335453033
0.0126073407009244 0.0124701419845223 0.022697351872921 0.0566595308482647 0.123937100172043 0.0943256840109825 0.0551856830716133 0.0839967504143715 0.0810134038329124 0.0846663266420364 0.0946998819708824 0.118384063243866 0.118713483214378 0.120765164494514 0.117429316043854 0.109876573085785 0.257416993379593 0.203497499227524 0.24267540872097 0.288750261068344 0.388977289199829 0.266921490430832 0.27862286567688 0.487783193588257 0.500652611255646 0.466696172952652 0.444548070430756 0.531833171844482 0.520095646381378 0.554120898246765 0.489538788795471 0.340415835380554 0.803861677646637 0.773560285568237 0.720945417881012 0.366744816303253 0.647336721420288 0.63621723651886 0.62436854839325 0.705933034420013 0.608639776706696 0.548430979251862 0.61979341506958 0.7488893866539 0.569000542163849 0.51075953245163
0.0184352472424507 0.0129811968654394 0.0166631899774075 0.0227184630930424 0.0268385522067547 0.0305575840175152 0.0316525772213936 0.172040909528732 0.0841634571552277 0.0870934724807739 0.0906375572085381 0.119283750653267 0.122829116880894 0.118404611945152 0.111012674868107 0.193468511104584 0.221529960632324 0.168827176094055 0.161814361810684 0.224025771021843 0.359228819608688 0.392675578594208 0.267991364002228 0.292441964149475 0.43937349319458 0.460936069488525 0.321267694234848 0.32345512509346 0.469429582357407 0.467635035514832 0.494264960289001 0.322706699371338 0.547754228115082 0.791311681270599 0.74220597743988 0.798845171928406 0.673380553722382 0.654528021812439 0.6264528632164 0.637802302837372 0.420286953449249 0.588381230831146 0.641714334487915 0.605154573917389 0.614152431488037 0.352469563484192
0.0132569000124931 0.0174656696617603 0.0173351168632507 0.0176357738673687 0.0147053366526961 0.0306952986866236 0.0304718036204576 0.0620555989444256 0.0848115757107735 0.0803211778402328 0.146872401237488 0.108728379011154 0.109907448291779 0.118367917835712 0.114996381103992 0.120525419712067 0.113082014024258 0.276719480752945 0.247048288583755 0.221420601010323 0.454528242349625 0.480648040771484 0.414943993091583 0.456088155508041 0.320304751396179 0.455695331096649 0.456811279058456 0.483819335699081 0.550888776779175 0.488631010055542 0.318613409996033 0.544036626815796 0.781131625175476 0.687964797019958 0.765738129615784 0.778280317783356 0.453056693077087 0.620995700359344 0.612077832221985 0.637473046779633 0.568361043930054 0.531506776809692 0.585121154785156 0.727450370788574 0.752344191074371 0.601167857646942
