zika_code/texas.albopictus.asc
NCOLS 160 
NROWS 130 
XLLCORNER -106.666544117647 
YLLCORNER 25.8061333333333 
CELLSIZE 0.081985294117647 
NODATA_value -9999 
[rows 63 to 83 of 130, columns 46 to 91 of 160]
0.0130578009411693 0.0141435032710433 0.0436805821955204 0.0206080861389637 0.018659632652998 0.0223105046898127 0.0496511124074459 0.0548224002122879 0.186889603734016 0.0798294097185135 0.0894349440932274 0.109823383390903 0.111663691699505 0.114757664501667 0.163276836276054 0.203938916325569 0.134438157081604 0.115898661315441 0.173591613769531 0.224994480609894 0.229501470923424 0.279518187046051 0.288154870271683 0.383436620235443 0.399027734994888 0.30859437584877 0.348164677619934 0.489079773426056 0.323349297046661 0.640655100345612 0.493783980607986 0.51477175951004 0.61229681968689 0.773520767688751 0.78858757019043 0.608066856861115 0.566097378730774 0.633904278278351 0.664883971214294 0.522856295108795 0.573979914188385 0.589433550834656 0.445269882678986 0.619057595729828 0.734882593154907 0.735763490200043
0.0144224781543016 0.0150617593899369 0.0304529368877411 0.0177433360368013 0.0165602415800095 0.0152244661003351 0.0424543507397175 0.0553309395909309 0.0759999379515648 0.0776721462607384 0.0831016674637794 0.105617240071297 0.123075813055038 0.195829197764397 0.115014046430588 0.184342920780182 0.173396170139313 0.119627572596073 0.131505653262138 0.289575934410095 0.285699397325516 0.285182952880859 0.438862591981888 0.406935721635818 0.322217553853989 0.338818967342377 0.319724291563034 0.323550969362259 0.324107766151428 0.6374631524086 0.541544795036316 0.615230321884155 0.484802275896072 0.614265739917755 0.638852596282959 0.495265603065491 0.328910171985626 0.658183991909027 0.536420583724976 0.600883781909943 0.38286966085434 0.761752307415009 0.750993013381958 0.620052218437195 0.627651512622833 0.695710480213165
0.0166507232934237 0.0247781984508038 0.033359169960022 0.0184621047228575 0.0141964722424746 0.0292364452034235 0.0298931039869785 0.0600151419639587 0.0918401926755905 0.127682909369469 0.194157630205154 0.100291088223457 0.137771591544151 0.104867242276669 0.163041397929192 0.141403838992119 0.225469157099724 0.145999267697334 0.146847262978554 0.33206707239151 0.314345180988312 0.460253238677979 0.286578834056854 0.308527618646622 0.463071346282959 0.342818707227707 0.32096055150032 0.325986236333847 0.50118088722229 0.446619361639023 0.452770173549652 0.495799422264099 0.495777398347855 0.70850682258606 0.46521183848381 0.469442039728165 0.588491261005402 0.632822811603546 0.510683119297028 0.536572456359863 0.561058938503265 0.581528902053833 0.663042724132538 0.758663654327393 0.609688758850098 0.595235466957092
0.0162632390856743 0.0170224867761135 0.0173639599233866 0.0171684250235558 0.0418276898562908 0.0284125152975321 0.0462655872106552 0.0791947692632675 0.0733137130737305 0.0792426988482475 0.144310131669044 0.0971431508660316 0.137570053339005 0.25929793715477 0.15503366291523 0.155124589800835 0.185942888259888 0.159215524792671 0.22912123799324 0.301125228404999 0.287645250558853 0.341038256883621 0.299758583307266 0.297799676656723 0.31538400053978 0.330425173044205 0.342814743518829 0.321564823389053 0.445473968982697 0.520176529884338 0.462844699621201 0.582139432430267 0.491407155990601 0.505397260189056 0.324551641941071 0.458468675613403 0.462043672800064 0.484396398067474 0.54058176279068 0.522996187210083 0.362635940313339 0.624611139297485 0.57668924331665 0.708714544773102 0.690959334373474 0.763494551181793
0.0318792276084423 0.0641729459166527 0.066573366522789 0.0453478917479515 0.118586868047714 0.0939755812287331 0.0857648029923439 0.0930826514959335 0.0807952582836151 0.0912041887640953 0.103533297777176 0.0888274312019348 0.100026652216911 0.207149401307106 0.245913416147232 0.209863498806953 0.286119431257248 0.195083454251289 0.191047817468643 0.219852790236473 0.254582047462463 0.309842169284821 0.316452145576477 0.322262465953827 0.3171366751194 0.314642071723938 0.330448538064957 0.351992905139923 0.320244282484055 0.305833011865616 0.461476802825928 0.634716033935547 0.538372099399567 0.552452445030212 0.560064256191254 0.357970029115677 0.521791636943817 0.496235430240631 0.356342971324921 0.35694420337677 0.604648470878601 0.353044122457504 0.528589189052582 0.736342251300812 0.633296430110931 0.672408580780029
0.0359789542853832 0.0708372294902802 0.0713318958878517 0.236376151442528 0.152105778455734 0.167498007416725 0.0912012979388237 0.0983602479100227 0.107279404997826 0.106211893260479 0.0840311720967293 0.135086715221405 0.135433569550514 0.149820134043694 0.266929239034653 0.111571654677391 0.230457067489624 0.304546535015106 0.253447234630585 0.219333559274673 0.264859110116959 0.416164100170135 0.321877688169479 0.332251995801926 0.332790732383728 0.345380395650864 0.454701572656631 0.325265139341354 0.457184493541718 0.588535130023956 0.562051773071289 0.633906006813049 0.472644746303558 0.557510316371918 0.505276620388031 0.356738567352295 0.362196087837219 0.537695825099945 0.355716049671173 0.55040442943573 0.615077316761017 0.663280546665192 0.755529463291168 0.747477948665619 0.615856647491455 0.600780725479126
0.0629121065139771 0.0926513373851776 0.205353230237961 0.243745058774948 0.0644491910934448 0.087671659886837 0.091475710272789 0.143796786665916 0.108072549104691 0.14795246720314 0.255943447351456 0.136702328920364 0.215738639235497 0.150169655680656 0.229726999998093 0.182887345552444 0.187599882483482 0.271095156669617 0.194383069872856 0.210917979478836 0.249786391854286 0.250007301568985 0.315589606761932 0.341574102640152 0.490346103906631 0.324322700500488 0.334450751543045 0.482206404209137 0.554630219936371 0.55096846818924 0.326722800731659 0.494185477495193 0.485174596309662 0.577994346618652 0.529773116111755 0.566941976547241 0.357766777276993 0.678177058696747 0.347398698329926 0.535071134567261 0.514602780342102 0.516629159450531 0.709749817848206 0.474913954734802 0.690899848937988 0.771087944507599
0.0957636907696724 0.108669899404049 0.108559779822826 0.123869091272354 0.0967627987265587 0.0913880169391632 0.090345673263073 0.157452270388603 0.0976321995258331 0.111837550997734 0.200928077101707 0.148246228694916 0.159775897860527 0.145076915621758 0.204291254281998 0.177927121520042 0.19245420396328 0.259984970092773 0.315944850444794 0.349177211523056 0.362192422151566 0.272713452577591 0.301983058452606 0.430846750736237 0.538550496101379 0.317352890968323 0.31987664103508 0.486435562372208 0.340075939893723 0.368276089429855 0.510683178901672 0.45050984621048 0.326681137084961 0.619452714920044 0.583601295948029 0.341074585914612 0.453861951828003 0.359000265598297 0.389411389827728 0.503622472286224 0.557852685451508 0.560480296611786 0.504048645496368 0.634920179843903 0.543049216270447 0.571715891361237
0.0959981232881546 0.10250174254179 0.14154814183712 0.101528994739056 0.10304669290781 0.137558698654175 0.132884860038757 0.12467648088932 0.0983238592743874 0.128389224410057 0.11567310988903 0.131009742617607 0.150686517357826 0.175325959920883 0.193967014551163 0.180535793304443 0.187918916344643 0.187199279665947 0.281901597976685 0.241139426827431 0.320587694644928 0.246513947844505 0.415647089481354 0.416599214076996 0.448976904153824 0.478918522596359 0.439932614564896 0.565572440624237 0.544547259807587 0.321487039327621 0.549779891967773 0.506333589553833 0.464683383703232 0.486266642808914 0.358815789222717 0.487006425857544 0.364078402519226 0.353403568267822 0.355631679296494 0.51800924539566 0.45748907327652 0.46664896607399 0.631589949131012 0.726995527744293 0.648139774799347 0.735680997371674
0.145427584648132 0.100958950817585 0.113430686295033 0.115111418068409 0.115220546722412 0.155850529670715 0.102430902421474 0.099592313170433 0.104939587414265 0.134716466069221 0.126179933547974 0.149112820625305 0.16156330704689 0.157749474048615 0.163583070039749 0.159749671816826 0.266189485788345 0.174491688609123 0.286383450031281 0.274863004684448 0.340498387813568 0.229824140667915 0.410396873950958 0.581115067005157 0.507107198238373 0.420592099428177 0.546207666397095 0.481809228658676 0.332759380340576 0.458183526992798 0.360837399959564 0.621367573738098 0.457907378673553 0.361811488866806 0.5921511054039 0.354470014572144 0.511067569255829 0.525977611541748 0.524379193782806 0.500422298908234 0.501319825649261 0.691139578819275 0.60118955373764 0.596138536930084 0.716787755489349 0.8104647397995
0.101559944450855 0.187026605010033 0.242496997117996 0.305097639560699 0.339365482330322 0.202313140034676 0.111218459904194 0.106258124113083 0.102113269269466 0.135197222232819 0.126065209507942 0.120661444962025 0.218883082270622 0.127119079232216 0.112170897424221 0.240530744194984 0.183651119470596 0.251470595598221 0.192984119057655 0.262528836727142 0.278164684772491 0.316155910491943 0.230058759450912 0.396962076425552 0.529407560825348 0.316055446863174 0.330254226922989 0.416614234447479 0.545507669448853 0.523840129375458 0.307402849197388 0.415016859769821 0.62609201669693 0.563450396060944 0.498727887868881 0.501716554164886 0.502098679542542 0.655580401420593 0.662665009498596 0.674200713634491 0.526713371276855 0.541203081607819 0.738032937049866 0.645646393299103 0.800804436206818 0.538175821304321
0.249590560793877 0.351420938968658 0.235343724489212 0.259742617607117 0.185461238026619 0.113959990441799 0.114261955022812 0.126617297530174 0.11771348118782 0.144486546516418 0.138522192835808 0.113581217825413 0.143607035279274 0.0974396839737892 0.117679730057716 0.219986438751221 0.251492768526077 0.240256443619728 0.186778366565704 0.190257847309113 0.310421288013458 0.217032790184021 0.355236977338791 0.348198354244232 0.235871315002441 0.305160522460938 0.415947407484055 0.53791731595993 0.314901173114777 0.4947709441185 0.534321367740631 0.558323562145233 0.467510551214218 0.452781617641449 0.503334283828735 0.597015082836151 0.646086394786835 0.588464677333832 0.357807546854019 0.516062200069427 0.676368832588196 0.52724277973175 0.549336731433868 0.636693775653839 0.678378283977509 0.741566777229309
0.158921629190445 0.106832958757877 0.1270941644907 0.1881063580513 0.256421893835068 0.148643597960472 0.0962405726313591 0.116829119622707 0.0902159512042999 0.123788937926292 0.216405808925629 0.117579236626625 0.127217963337898 0.085708923637867 0.084643192589283 0.0955482423305511 0.2109135389328 0.135771661996841 0.135191380977631 0.215017050504684 0.200450778007507 0.225662633776665 0.17782886326313 0.164506658911705 0.164667561650276 0.204389840364456 0.328843206167221 0.308448076248169 0.306502938270569 0.531416535377502 0.314327865839005 0.532016634941101 0.447271108627319 0.544495463371277 0.521153569221497 0.518960535526276 0.570024907588959 0.596311807632446 0.525281429290771 0.51189649105072 0.563439786434174 0.386553794145584 0.606207430362701 0.749965608119965 0.704014301300049 0.704493939876556
0.116856157779694 0.221180349588394 0.175254464149475 0.248789817094803 0.230470240116119 0.299333125352859 0.0993600189685822 0.0982994213700294 0.118192344903946 0.128752753138542 0.226030424237251 0.254073858261108 0.112708106637001 0.0881597325205803 0.0844887793064117 0.096376471221447 0.097977414727211 0.190498977899551 0.139581725001335 0.183551207184792 0.226488888263702 0.158863887190819 0.277393221855164 0.356642007827759 0.170589596033096 0.188836380839348 0.269413352012634 0.604014337062836 0.380257487297058 0.434385389089584 0.537241041660309 0.322673082351685 0.388938456773758 0.59703266620636 0.357031404972076 0.524444699287415 0.591598689556122 0.522799670696259 0.532966911792755 0.570998966693878 0.604495823383331 0.565503776073456 0.609783470630646 0.716036438941956 0.680754363536835 0.808249413967133
0.188970446586609 0.210880190134048 0.173074632883072 0.113820403814316 0.269010633230209 0.166493907570839 0.110045060515404 0.093339242041111 0.0875278413295746 0.127694755792618 0.0993417054414749 0.080630749464035 0.0535885468125343 0.0257356446236372 0.0357709228992462 0.0312377251684666 0.0529893301427364 0.0484434589743614 0.114497423171997 0.214400634169579 0.289490729570389 0.0670322328805923 0.0835683271288872 0.130837231874466 0.137931242585182 0.310560941696167 0.199076384305954 0.214909300208092 0.20082451403141 0.413666665554047 0.615161657333374 0.33411380648613 0.579624831676483 0.495156615972519 0.646995604038239 0.643377006053925 0.512942850589752 0.575523734092712 0.6834636926651 0.518322825431824 0.678983390331268 0.434587389230728 0.766647517681122 0.699507296085358 0.718595623970032 0.726895332336426
0.104878224432468 0.179928779602051 0.14748615026474 0.264487415552139 0.139881283044815 0.0854600667953491 0.0988141000270844 0.101708181202412 0.0905183702707291 0.0764949843287468 0.0525055415928364 0.0375992469489574 0.0372604355216026 0.0195108111947775 0.0237463098019361 0.0273223537951708 0.0384198054671288 0.0302010960876942 0.0416862294077873 0.224949717521667 0.466302931308746 0.140713423490524 0.094445638358593 0.113461576402187 0.20827642083168 0.214919105172157 0.298616290092468 0.474428206682205 0.316711992025375 0.471082806587219 0.451867073774338 0.448702722787857 0.422773569822311 0.477261573076248 0.52927827835083 0.489120036363602 0.661507427692413 0.575504541397095 0.676625609397888 0.54192441701889 0.568896651268005 0.558318614959717 0.801239669322968 0.685577154159546 0.775797426700592 0.651332795619965
0.0999830737709999 0.152111366391182 0.238693445920944 0.160164460539818 0.119328521192074 0.0559364147484303 0.0460242889821529 0.0112807564437389 0.0102421930059791 0.00447513908147812 0.00434002792462707 0.032129492610693 0.0569826029241085 0.0488156042993069 0.0400516055524349 0.0766941606998444 0.11534022539854 0.0867596045136452 0.124393567442894 0.106258884072304 0.398677945137024 0.296509474515915 0.298028558492661 0.21580895781517 0.352716594934464 0.522363543510437 0.464432239532471 0.171903118491173 0.157578632235527 0.359916865825653 0.22421732544899 0.456246078014374 0.446516633033752 0.499032586812973 0.504339396953583 0.336931049823761 0.529033422470093 0.341445922851562 0.635986983776093 0.70349258184433 0.532341420650482 0.594278216362 0.574010372161865 0.666794776916504 0.681515216827393 0.783624172210693
0.128651648759842 0.150209650397301 0.0873285308480263 0.0737901404500008 0.073798231780529 0.0779425725340843 0.0141912717372179 0.0142035624012351 0.00801140908151865 0.00415124231949449 0.00322088436223567 0.0209054239094257 0.0138493506237864 0.0288669858127832 0.0504908226430416 0.0525875501334667 0.0588394179940224 0.0795260071754456 0.139559507369995 0.12336403876543 0.190635100007057 0.227166920900345 0.234039008617401 0.269893199205399 0.215841218829155 0.537196695804596 0.504818201065063 0.207291707396507 0.210064068436623 0.275038719177246 0.297924697399139 0.581445574760437 0.492967188358307 0.609936356544495 0.507328867912292 0.73991072177887 0.524392485618591 0.662616491317749 0.474777340888977 0.701442241668701 0.699418485164642 0.783673882484436 0.628828823566437 0.813981235027313 0.728382289409637 0.799763560295105
0.0227356422692537 0.0256409961730242 0.00698201172053814 0.00999363325536251 0.0145324962213635 0.0118869366124272 -9999 -9999 -9999 0.013929758220911 0.0134279234334826 0.015884455293417 0.0229013040661812 0.0158431120216846 0.0222157463431358 0.0264153126627207 -9999 0.0504783056676388 0.134421482682228 0.14285883307457 0.2898108959198 0.256310403347015 0.260125875473022 0.25766059756279 0.171552270650864 0.303242534399033 0.451171368360519 0.320338279008865 0.535535275936127 0.105976738035679 0.324648380279541 0.411930084228516 0.442594289779663 0.634894907474518 0.587522864341736 0.744154453277588 0.654144823551178 0.552169799804688 0.782317042350769 0.732253432273865 0.686057984828949 0.812814474105835 0.810175001621246 0.796933889389038 0.835743725299835 0.807384133338928
0.0217463653534651 0.00647965725511312 0.00733980815857649 -9999 -9999 -9999 -9999 -9999 -9999 -9999 -9999 -9999 -9999 -9999 -9999 -9999 -9999 -9999 0.0410553254187107 0.0907429903745651 0.132964059710503 0.221924781799316 0.223753824830055 0.146234437823296 0.325596988201141 0.326291471719742 0.520074963569641 0.459130823612213 0.317648500204086 0.135410830378532 0.253375858068466 0.576945185661316 0.521133244037628 0.693704783916473 0.612712919712067 0.606676161289215 0.598831295967102 0.665805697441101 0.748439908027649 0.759444773197174 0.72866028547287 0.735183417797089 0.768515110015869 0.859067738056183 0.672369837760925 0.861618876457214
0.0109301926568151 0.0198161229491234 -9999 -9999 -9999 -9999 -9999 -9999 -9999 -9999 -9999 -9999 -9999 -9999 -9999 -9999 -9999 -9999 -9999 0.0470631457865238 0.129144832491875 0.168891236186028 0.206678628921509 0.289969950914383 0.356171905994415 0.259351283311844 0.438114702701569 0.539343953132629 0.485082417726517 0.354490548372269 0.395202368497849 0.489041864871979 0.574300587177277 0.52199649810791 0.488014221191406 0.487267643213272 0.279378354549408 0.541691064834595 0.392242938280106 0.702565431594849 0.734762907028198 0.571185827255249 0.446798890829086 0.643803000450134 0.35856881737709 0.222775653004646
