zika_code/texas.albopictus.asc
NCOLS 160 
NROWS 130 
XLLCORNER -106.666544117647 
YLLCORNER 25.8061333333333 
CELLSIZE 0.081985294117647 
NODATA_value -9999 
[rows 42 to 62 of 130, columns 92 to 137 of 160]
0.632059574127197 0.390185356140137 0.513405978679657 0.6961909532547 0.705912232398987 0.758826315402985 0.520890891551971 0.557406485080719 0.618496119976044 0.601362287998199 0.881709158420563 0.635674178600311 0.649626612663269 0.386169373989105 0.621025860309601 0.774977147579193 0.64301985502243 0.638567447662354 0.795727252960205 0.794967830181122 0.82968932390213 0.683552622795105 0.836833655834198 0.789092123508453 0.793281078338623 0.865050375461578 0.788138270378113 0.9336918592453 0.916685461997986 0.733019292354584 0.892490804195404 0.904450416564941 0.892446279525757 0.908588171005249 0.807523608207703 0.44573649764061 0.87363612651825 0.857333719730377 0.837471067905426 0.902515470981598 0.896482646465302 0.900722026824951 0.861920416355133 0.898967742919922 0.887102723121643 0.895936012268066
0.376996159553528 0.544677972793579 0.568746268749237 0.701352894306183 0.512524902820587 0.717350542545319 0.543925106525421 0.440441787242889 0.786557495594025 0.644747793674469 0.662022531032562 0.72154039144516 0.563316643238068 0.657202959060669 0.671614050865173 0.643090307712555 0.696213781833649 0.54669314622879 0.764235019683838 0.816351532936096 0.803960978984833 0.776541471481323 0.825834453105927 0.648229241371155 0.859605669975281 0.835723519325256 0.934768915176392 0.82127320766449 0.687061965465546 0.923180222511292 0.927095115184784 0.889825761318207 0.85376513004303 0.88672935962677 0.910094141960144 0.763099610805511 0.84326297044754 0.858074903488159 0.879417896270752 0.917892873287201 0.910347402095795 0.890965819358826 0.888848543167114 0.887317657470703 0.896538257598877 0.901308715343475
0.540357291698456 0.467139095067978 0.335229873657227 0.651379227638245 0.709616243839264 0.499054163694382 0.714576303958893 0.530811309814453 0.468869239091873 0.330583184957504 0.702111899852753 0.465852707624435 0.592283189296722 0.59403395652771 0.798803567886353 0.594598174095154 0.794235944747925 0.826406598091125 0.779955923557281 0.820090472698212 0.796150922775269 0.824323058128357 0.885242223739624 0.592153310775757 0.761487782001495 0.910083949565887 0.928731441497803 0.925656914710999 0.893494307994843 0.876819431781769 0.906071126461029 0.934441804885864 0.900303244590759 0.905032336711884 0.787300884723663 0.731320559978485 0.928051292896271 0.88786655664444 0.926238179206848 0.91171008348465 0.883719682693481 0.307277172803879 0.896958649158478 0.915950357913971 0.900071322917938 0.542409420013428
0.321101486682892 0.508948028087616 0.548112571239471 0.503294348716736 0.696029424667358 0.554087400436401 0.682699382305145 0.687821090221405 0.432452380657196 0.548916459083557 0.76120924949646 0.544450283050537 0.798452734947205 0.601377964019775 0.574089050292969 0.787729918956757 0.870589196681976 0.808526933193207 0.739547967910767 0.900652766227722 0.856045305728912 0.791508853435516 0.825647592544556 0.619585871696472 0.852609157562256 0.9055535197258 0.930733323097229 0.944137156009674 0.907627582550049 0.930337309837341 0.862316608428955 0.886993050575256 0.876009821891785 0.897267699241638 0.93891716003418 0.794781148433685 0.888157486915588 0.896683633327484 0.909905135631561 0.91764372587204 0.921643495559692 0.772136509418488 0.73240602016449 0.929456293582916 0.921448171138763 0.911920785903931
0.346898466348648 0.486583977937698 0.506238460540771 0.573244631290436 0.487474024295807 0.810771107673645 0.682538866996765 0.83307421207428 0.737740874290466 0.604497015476227 0.788280427455902 0.658968269824982 0.67709481716156 0.66955691576004 0.798950433731079 0.750381588935852 0.815578758716583 0.737520098686218 0.821156203746796 0.878317475318909 0.886315584182739 0.899159967899323 0.863548338413239 0.87191253900528 0.875835657119751 0.881922602653503 0.863989174365997 0.938115894794464 0.93898594379425 0.735258281230927 0.943579971790314 0.932599365711212 0.937559843063354 0.935175836086273 0.93123984336853 0.945246338844299 0.94643896818161 0.945155084133148 0.93106609582901 0.905814588069916 0.916352391242981 0.898287713527679 0.913730800151825 0.927590489387512 0.930680751800537 0.926144957542419
0.363146632909775 0.52399867773056 0.513809263706207 0.60408079624176 0.518987238407135 0.715384006500244 0.461870044469833 0.545689880847931 0.638777256011963 0.529862344264984 0.500498056411743 0.562061369419098 0.649864733219147 0.701614797115326 0.820941269397736 0.682980418205261 0.758019089698792 0.73063462972641 0.827912092208862 0.805168688297272 0.790806710720062 0.779923498630524 0.754790067672729 0.577237486839294 0.859997689723969 0.911680817604065 0.934106171131134 0.936421453952789 0.911275446414948 0.706157445907593 0.928537964820862 0.916896998882294 0.931763470172882 0.935086965560913 0.93570476770401 0.93694269657135 0.933893740177155 0.919715523719788 0.906479358673096 0.926504075527191 0.917690992355347 0.922830104827881 0.943374216556549 0.929756760597229 0.92545473575592 0.93078887462616
0.374374181032181 0.608873546123505 0.566532969474792 0.527416884899139 0.48871785402298 0.738036930561066 0.695169270038605 0.608164370059967 0.8036208152771 0.781894743442535 0.79835718870163 0.797139108181 0.814676582813263 0.574353814125061 0.80520761013031 0.808147728443146 0.5672847032547 0.647749602794647 0.631395041942596 0.790231466293335 0.814814031124115 0.792465925216675 0.792395055294037 0.789877235889435 0.889475345611572 0.884107708930969 0.935043573379517 0.937578439712524 0.816947817802429 0.946722030639648 0.915152013301849 0.93231874704361 0.945879697799683 0.938535690307617 0.914812564849854 0.835678398609161 0.885783135890961 0.941398918628693 0.903520464897156 0.922209501266479 0.923639833927155 0.926978588104248 0.945131540298462 0.944367527961731 0.928576231002808 0.92520397901535
0.373636335134506 0.355818510055542 0.487408667802811 0.580837845802307 0.541865408420563 0.722646355628967 0.518992304801941 0.643843829631805 0.589329242706299 0.777518689632416 0.672575652599335 0.651828467845917 0.659713804721832 0.656119108200073 0.805680930614471 0.647183001041412 0.829571068286896 0.789759457111359 0.745552480220795 0.679010033607483 0.878247618675232 0.8592689037323 0.800202786922455 0.83677875995636 0.870620489120483 0.864758968353271 0.91075474023819 0.904173970222473 0.936827719211578 0.935453176498413 0.937495708465576 0.939644575119019 0.905324518680573 0.907820641994476 0.920587956905365 0.818079769611359 0.918226361274719 0.92422890663147 0.902294814586639 0.859364867210388 0.916284501552582 0.92345529794693 0.919990658760071 0.930933475494385 0.929206311702728 0.922045648097992
0.742418646812439 0.731248915195465 0.534896790981293 0.592285871505737 0.529386043548584 0.559490382671356 0.593215525150299 0.787883162498474 0.815348148345947 0.614501893520355 0.799446105957031 0.679815649986267 0.603264808654785 0.809384644031525 0.630833566188812 0.794565558433533 0.789404809474945 0.788528203964233 0.790120303630829 0.783063888549805 0.817049264907837 0.784724950790405 0.803976774215698 0.675534546375275 0.936514914035797 0.919761061668396 0.946022391319275 0.868339776992798 0.933441698551178 0.906153202056885 0.931364417076111 0.911710023880005 0.87267655134201 0.939809083938599 0.937147796154022 0.818286836147308 0.901802897453308 0.922331511974335 0.337386101484299 0.576622426509857 0.939160883426666 0.927427709102631 0.929062008857727 0.925437092781067 0.930218994617462 0.928881764411926
0.563124299049377 0.686415553092957 0.804819703102112 0.631092250347137 0.79118937253952 0.637095808982849 0.639582693576813 0.798102140426636 0.551394402980804 0.792660117149353 0.651364207267761 0.858744323253632 0.783130049705505 0.765981137752533 0.80079048871994 0.658594489097595 0.78101634979248 0.791415810585022 0.707450568675995 0.743770241737366 0.800903499126434 0.745081126689911 0.803560793399811 0.91375195980072 0.927998006343842 0.897444367408752 0.89246791601181 0.909654915332794 0.908531248569489 0.899503469467163 0.894343793392181 0.889432549476624 0.935390889644623 0.839453041553497 0.935241341590881 0.901530086994171 0.908813416957855 0.915707409381866 0.945661246776581 0.782886803150177 0.941363275051117 0.921684801578522 0.928215384483337 0.930404365062714 0.929894208908081 0.930893838405609
0.534158885478973 0.821132123470306 0.69879686832428 0.810579657554626 0.804858565330505 0.63663524389267 0.535141468048096 0.506042122840881 0.609108030796051 0.792174696922302 0.809356272220612 0.665735840797424 0.79506641626358 0.864279329776764 0.883006632328033 0.870528936386108 0.801323533058167 0.64680677652359 0.659550189971924 0.636419892311096 0.641452372074127 0.825685322284698 0.803921520709991 0.897168099880219 0.915695488452911 0.90324479341507 0.920298218727112 0.8957200050354 0.916134238243103 0.881629526615143 0.912094354629517 0.894002795219421 0.896513998508453 0.908384561538696 0.878465056419373 0.915582895278931 0.922555387020111 0.921995162963867 0.916507601737976 0.774652540683746 0.870820760726929 0.830574333667755 0.937630653381348 0.938038408756256 0.821819722652435 0.930568397045135
0.695594012737274 0.57751077413559 0.693311810493469 0.667164862155914 0.60345584154129 0.794386982917786 0.634784519672394 0.667960703372955 0.60817950963974 0.799306869506836 0.584227442741394 0.778580844402313 0.746198236942291 0.836076736450195 0.89507669210434 0.798179686069489 0.835897028446198 0.766477644443512 0.785068809986115 0.788679301738739 0.551841557025909 0.799735248088837 0.90262508392334 0.899534583091736 0.915329456329346 0.901753544807434 0.895940482616425 0.798303604125977 0.905203521251678 0.887785732746124 0.895484626293182 0.911225855350494 0.90389084815979 0.889798104763031 0.904655158519745 0.940706014633179 0.944503664970398 0.903072357177734 0.907545268535614 0.92845231294632 0.925304353237152 0.946732997894287 0.944450259208679 0.945620238780975 0.927308201789856 0.909769773483276
0.552623629570007 0.58153909444809 0.563587427139282 0.564272105693817 0.738928556442261 0.794727325439453 0.794196844100952 0.818351626396179 0.659318625926971 0.779731154441833 0.799019992351532 0.902681589126587 0.811228692531586 0.819087862968445 0.744331777095795 0.800924062728882 0.783621907234192 0.78331184387207 0.779810190200806 0.68794971704483 0.795288026332855 0.823270082473755 0.901033341884613 0.902864098548889 0.90557599067688 0.905298709869385 0.906115591526031 0.933521032333374 0.932340323925018 0.905553102493286 0.894955933094025 0.902690351009369 0.889866888523102 0.905083894729614 0.948905050754547 0.93941056728363 0.937467336654663 0.314705640077591 0.591977477073669 0.893514037132263 0.923305630683899 0.91351842880249 0.928648769855499 0.908170163631439 0.913157820701599 0.895439505577087
0.782057642936707 0.734972298145294 0.734404802322388 0.632925510406494 0.477112144231796 0.638157784938812 0.86334228515625 0.727781057357788 0.656143665313721 0.653941333293915 0.779958248138428 0.416886001825333 0.809938848018646 0.871016561985016 0.807950496673584 0.665981829166412 0.827946305274963 0.769368708133698 0.831584095954895 0.738408267498016 0.746035397052765 0.785812556743622 0.887136161327362 0.904891490936279 0.52347856760025 0.907011926174164 0.914314925670624 0.932965934276581 0.934171378612518 0.872785925865173 0.890124082565308 0.923307657241821 0.554811060428619 0.870192468166351 0.924951374530792 0.923627972602844 0.940545260906219 0.651518642902374 0.56450355052948 0.553923666477203 0.92271363735199 0.930387496948242 0.886591017246246 0.896834552288055 0.906251847743988 0.896559178829193
0.735650658607483 0.733220279216766 0.450931042432785 0.487879425287247 0.637648344039917 0.626877307891846 0.785376489162445 0.798103094100952 0.810959458351135 0.882566034793854 0.907171428203583 0.699829161167145 0.81971675157547 0.802354633808136 0.811468422412872 0.80056893825531 0.812720477581024 0.770607113838196 0.79666131734848 0.643792152404785 0.901942431926727 0.898008406162262 0.868899405002594 0.896069943904877 0.574468612670898 0.914744734764099 0.832904875278473 0.893097579479218 0.891238749027252 0.853389382362366 0.896342158317566 0.887998223304749 0.91247969865799 0.903167307376862 0.888669967651367 0.917462885379791 0.903460562229156 0.882977187633514 0.930238723754883 0.934785187244415 0.89505660533905 0.884666264057159 0.896319806575775 0.908296704292297 0.908222138881683 0.8990638256073
0.835490822792053 0.493246912956238 0.485310882329941 0.768360257148743 0.739052057266235 0.729468524456024 0.541388392448425 0.794749021530151 0.795393228530884 0.788999140262604 0.797393262386322 0.553188264369965 0.793522357940674 0.746256411075592 0.854942858219147 0.801934421062469 0.796512126922607 0.650563359260559 0.653333842754364 0.800099849700928 0.679362535476685 0.86167448759079 0.918364405632019 0.899223625659943 0.803601741790771 0.911863625049591 0.911951839923859 0.929932475090027 0.907803773880005 0.811540007591248 0.89847868680954 0.905172824859619 0.922084331512451 0.911512851715088 0.919304668903351 0.91913640499115 0.918400228023529 0.924342930316925 0.915607750415802 0.898901104927063 0.86017119884491 0.895257830619812 0.917825281620026 0.921630561351776 0.904501974582672 0.923193871974945
0.732201099395752 0.732909083366394 0.432970762252808 0.600334882736206 0.710215449333191 0.854636430740356 0.738997220993042 0.520572543144226 0.650419473648071 0.793307602405548 0.626511037349701 0.598490476608276 0.796680450439453 0.742362439632416 0.315440565347672 0.804088354110718 0.794737994670868 0.806433260440826 0.710462689399719 0.660036206245422 0.629509031772614 0.90868079662323 0.935785949230194 0.910903573036194 0.940614342689514 0.91327840089798 0.926110863685608 0.921769738197327 0.913867771625519 0.8448286652565 0.911236882209778 0.909685432910919 0.92332136631012 0.878195703029633 0.932430326938629 0.932926893234253 0.931682229042053 0.919091880321503 0.917322039604187 0.917257964611053 0.902385056018829 0.904742538928986 0.919428884983063 0.917507469654083 0.914417386054993 0.912815093994141
0.460820347070694 0.490039825439453 0.713141620159149 0.438252359628677 0.49875408411026 0.832931995391846 0.879972398281097 0.796496689319611 0.59617292881012 0.803335905075073 0.787048578262329 0.643320083618164 0.538520812988281 0.780675828456879 0.797475397586823 0.626598060131073 0.792938947677612 0.664289891719818 0.862781465053558 0.816342949867249 0.899243175983429 0.907381355762482 0.934677958488464 0.922365963459015 0.922874271869659 0.862929284572601 0.875683486461639 0.904190182685852 0.867939293384552 0.849895358085632 0.881938517093658 0.890616059303284 0.851913571357727 0.917243003845215 0.906553506851196 0.929087162017822 0.922490060329437 0.898827016353607 0.907004952430725 0.920596957206726 0.901583433151245 0.899283051490784 0.919870734214783 0.923670589923859 0.913512229919434 0.906077086925507
0.717843055725098 0.54791921377182 0.72529000043869 0.484259843826294 0.735301852226257 0.579789459705353 0.635542392730713 0.806203961372375 0.802138924598694 0.695223033428192 0.78097265958786 0.77527517080307 0.786090672016144 0.798275709152222 0.798327088356018 0.797367095947266 0.821241736412048 0.807538270950317 0.847201764583588 0.750717997550964 0.901254594326019 0.91239720582962 0.907661497592926 0.925437867641449 0.909438252449036 0.941908478736877 0.510373950004578 0.78347373008728 0.940678656101227 0.791947960853577 0.907217383384705 0.8930703997612 0.906151115894318 0.921221196651459 0.91189831495285 0.930893957614899 0.899124979972839 0.901986420154572 0.905640721321106 0.88278603553772 0.902196288108826 0.905290424823761 0.923255562782288 0.92009025812149 0.817522466182709 0.908826112747192
0.736874401569366 0.738468945026398 0.655185043811798 0.75363290309906 0.465285331010818 0.543600082397461 0.729948043823242 0.691822588443756 0.680861830711365 0.706369876861572 0.795442461967468 0.679990470409393 0.535405993461609 0.796809494495392 0.784764111042023 0.65597003698349 0.674928724765778 0.798840343952179 0.79130482673645 0.813075184822083 0.944094717502594 0.941476047039032 0.878637373447418 0.903153836727142 0.941017746925354 0.938411235809326 0.941851556301117 0.91568785905838 0.808765172958374 0.918356657028198 0.852529287338257 0.887629568576813 0.903970956802368 0.850338101387024 0.891446530818939 0.93108332157135 0.728971004486084 0.881605625152588 0.872922956943512 0.88076651096344 0.914251804351807 0.923289895057678 0.922059953212738 0.918287932872772 0.923943996429443 0.94028913974762
0.561424612998962 0.576318979263306 0.626566290855408 0.747470378875732 0.397461950778961 0.731000781059265 0.659170508384705 0.642866253852844 0.797982215881348 0.641256749629974 0.646180033683777 0.78795450925827 0.773627281188965 0.504722237586975 0.763348519802094 0.688541233539581 0.640664100646973 0.798753440380096 0.792040050029755 0.797409236431122 0.868025183677673 0.957539260387421 0.91845029592514 0.82442831993103 0.862537086009979 0.810286164283752 0.958694934844971 0.924930930137634 0.903802692890167 0.918207168579102 0.894500851631165 0.872787296772003 0.893595635890961 0.894406020641327 0.905728340148926 0.88817971944809 0.900050699710846 0.545372724533081 0.86743289232254 0.920041620731354 0.92254912853241 0.925451815128326 0.942714273929596 0.946739017963409 0.941217839717865 0.942927479743958
