zika_code/texas.albopictus.asc
NCOLS 160 
NROWS 130 
XLLCORNER -106.666544117647 
YLLCORNER 25.8061333333333 
CELLSIZE 0.081985294117647 
NODATA_value -9999 
[rows 21 to 41 of 130, columns 46 to 91 of 160]
0.140171155333519 0.148130148649216 0.151202991604805 0.0971912294626236 0.093565858900547 0.078226774930954 0.200157180428505 0.168659374117851 0.247141271829605 0.37340846657753 0.317927777767181 0.417789429426193 0.192020773887634 0.0458984114229679 0.0865105912089348 0.207336395978928 0.383476555347443 0.624530255794525 0.48263955116272 0.694965779781342 0.358115464448929 0.489153653383255 0.555899202823639 0.263380944728851 0.554909229278564 0.420878499746323 0.402468144893646 0.45955228805542 0.473031282424927 0.629577279090881 0.64978015422821 0.501227974891663 0.603346765041351 0.5074462890625 0.563611745834351 -9999 -9999 -9999 -9999 -9999 -9999 -9999 -9999 -9999 -9999 -9999
0.138444930315018 0.131659984588623 0.244135797023773 0.175579816102982 0.131812199950218 0.0624851174652576 0.236913815140724 0.145985648036003 0.376045018434525 0.384084701538086 0.146459564566612 0.312318831682205 0.188301920890808 0.0511342026293278 0.0447645336389542 0.535600185394287 0.382759720087051 0.482678383588791 0.510610163211823 0.459458500146866 0.525644958019257 0.331199765205383 0.521415174007416 0.376934617757797 0.419933617115021 0.504046618938446 0.270805805921555 0.552643895149231 0.551966786384583 0.554488301277161 0.269440710544586 0.464848965406418 0.587995052337646 0.509474277496338 0.538988411426544 -9999 -9999 -9999 -9999 -9999 -9999 -9999 -9999 -9999 -9999 -9999
0.257277429103851 0.0987007319927216 0.27165675163269 0.196830362081528 0.112549759447575 0.236147373914719 0.201698526740074 0.432746767997742 0.342560678720474 0.444642782211304 0.391930490732193 0.203534603118896 0.062248520553112 0.0509627610445023 0.110222816467285 0.544204831123352 0.551507830619812 0.391053110361099 0.557298064231873 0.484374433755875 0.670490562915802 0.484977126121521 0.538083076477051 0.601882040500641 0.540832102298737 0.291948705911636 0.302728205919266 0.426764160394669 0.583939671516418 0.393512725830078 0.578238546848297 0.585816919803619 0.605654180049896 0.489131569862366 0.477051496505737 -9999 -9999 -9999 -9999 -9999 -9999 -9999 -9999 -9999 -9999 -9999
0.343259334564209 0.262782037258148 0.193986803293228 0.253674268722534 0.258348494768143 0.233592689037323 0.244164690375328 0.388347774744034 0.347678065299988 0.301469177007675 0.514978528022766 0.205640316009521 0.2139513194561 0.1887147128582 0.187451615929604 0.492332965135574 0.412015050649643 0.583958387374878 0.583549559116364 0.658221662044525 0.281046837568283 0.463826537132263 0.515279233455658 0.329363346099854 0.495600819587708 0.428372859954834 0.286474376916885 0.27323991060257 0.432953327894211 0.509572982788086 0.412295788526535 0.467473953962326 0.598523557186127 0.517237722873688 0.494479447603226 0.509942233562469 0.553325057029724 -9999 -9999 -9999 -9999 -9999 -9999 -9999 -9999 -9999
0.130127400159836 0.189786225557327 0.248242795467377 0.136682599782944 0.128064677119255 0.242685124278069 0.256518065929413 0.260415405035019 0.237043634057045 0.239183768630028 0.314895778894424 0.286542505025864 0.243494778871536 0.580650091171265 0.54910933971405 0.557018935680389 0.558054506778717 0.634941756725311 0.655228197574615 0.46950376033783 0.51279616355896 0.500755906105042 0.281916290521622 0.497677654027939 0.530147552490234 0.524479031562805 0.573797285556793 0.292327374219894 0.39335361123085 0.372847497463226 0.295520335435867 0.293447047472 0.299962669610977 0.425391793251038 0.536019444465637 0.717462956905365 0.723135769367218 0.754758179187775 -9999 -9999 -9999 -9999 -9999 -9999 -9999 -9999
0.17757023870945 0.222191244363785 0.208907052874565 0.318630695343018 0.123425222933292 0.209900945425034 0.212212696671486 0.279340863227844 0.222084954380989 0.250817179679871 0.330005764961243 0.254971623420715 0.294451713562012 0.585666418075562 0.420567840337753 0.58552074432373 0.552137196063995 0.4308862388134 0.489333301782608 0.657745718955994 0.545186936855316 0.516522586345673 0.541933536529541 0.52616548538208 0.52221804857254 0.478984594345093 0.572634398937225 0.557770669460297 0.544576168060303 0.465011656284332 0.240761682391167 0.29404553771019 0.312557488679886 0.607324719429016 0.478414565324783 0.691857635974884 0.831232309341431 0.772466063499451 0.727836191654205 0.713592052459717 0.729561388492584 0.724208116531372 0.755610227584839 0.763132691383362 0.687214612960815 -9999
0.694643676280975 0.651052355766296 0.507851243019104 0.410260736942291 0.445808976888657 0.530600905418396 0.446447312831879 0.466969639062881 0.425189554691315 0.543610811233521 0.45559424161911 0.481662005186081 0.551852762699127 0.577730715274811 0.44011789560318 0.436633557081223 0.557345032691956 0.568921983242035 0.567988693714142 0.533644616603851 0.437738984823227 0.486611425876617 0.566561043262482 0.331061124801636 0.478152066469193 0.280580103397369 0.56736832857132 0.48981899023056 0.468675136566162 0.573595643043518 0.427997320890427 0.418953508138657 0.299489080905914 0.304771482944489 0.409786224365234 0.47612527012825 0.454816371202469 0.489482522010803 0.503537833690643 0.700344800949097 0.528572857379913 0.723140239715576 0.730787992477417 0.558234572410583 0.546137154102325 -9999
0.3313008248806 0.467921108007431 0.471397429704666 0.51868736743927 0.507258772850037 0.479428142309189 0.620354235172272 0.531045436859131 0.453914880752563 0.400711834430695 0.414188206195831 0.528450906276703 0.284663915634155 0.570475995540619 0.388529926538467 0.3998703956604 0.58011668920517 0.720131874084473 0.717492341995239 0.666491627693176 0.536503553390503 0.274227678775787 0.638475596904755 0.479580819606781 0.604919016361237 0.278962045907974 0.414856016635895 0.521986901760101 0.439873278141022 0.439750164747238 0.592805683612823 0.312508761882782 0.302543073892593 0.368972301483154 0.461923718452454 0.514829397201538 0.560679733753204 0.616575717926025 0.586519420146942 0.602778255939484 0.496657967567444 0.722509026527405 0.733448266983032 0.598066806793213 0.572297096252441 0.745564997196198
0.635427534580231 0.540306448936462 0.513054549694061 0.379114240407944 0.485415756702423 0.157104074954987 0.24203197658062 0.159862771630287 0.247442185878754 0.418561607599258 0.259895086288452 0.490489393472672 0.613873660564423 0.585030972957611 0.462999731302261 0.558703362941742 0.549705386161804 0.608763337135315 0.669928014278412 0.744925200939178 0.614746332168579 0.642080068588257 0.34802633523941 0.345369011163712 0.218109428882599 0.474474489688873 0.43549856543541 0.53107488155365 0.530804872512817 0.464443892240524 0.28117111325264 0.330632954835892 0.444829910993576 0.318077951669693 0.331578016281128 0.496200054883957 0.593285083770752 0.550951480865479 0.470596969127655 0.612619042396545 0.570788621902466 0.538968741893768 0.732188999652863 0.728624522686005 0.741838037967682 0.705817878246307
0.200633600354195 0.170185223221779 0.269125014543533 0.121835052967072 0.170039907097816 0.27775365114212 0.3687863945961 0.32927605509758 0.173451155424118 0.403681993484497 0.511991798877716 0.483763217926025 0.567278742790222 0.647683441638947 0.577065348625183 0.425354242324829 0.718180656433105 0.626108407974243 0.552269697189331 0.260782897472382 0.431590795516968 0.446524560451508 0.372810751199722 0.222147211432457 0.162386029958725 0.474422961473465 0.411685198545456 0.444203346967697 0.581946134567261 0.519479691982269 0.611036419868469 0.494885444641113 0.324626207351685 0.313810974359512 0.533860385417938 0.510746002197266 0.692364573478699 0.601361393928528 0.401304632425308 0.382364094257355 0.718350231647491 0.551870882511139 0.70045405626297 0.737765491008759 0.695773661136627 0.744220435619354
0.135530084371567 0.113987907767296 0.158490225672722 0.201465100049973 0.18921010196209 0.116292469203472 0.307476758956909 0.124081373214722 0.117057286202908 0.222743570804596 0.373861700296402 0.495507627725601 0.490365236997604 0.295995265245438 0.466830015182495 0.419120579957962 0.547949850559235 0.550474643707275 0.267685383558273 0.544907093048096 0.548283815383911 0.561571300029755 0.426679611206055 0.420752942562103 0.334763616323471 0.329133689403534 0.514083087444305 0.466806709766388 0.457367360591888 0.480853617191315 0.317821443080902 0.426372081041336 0.440246164798737 0.453293591737747 0.516712248325348 0.512050986289978 0.529037892818451 0.548209130764008 0.554485738277435 0.735192775726318 0.529021680355072 0.541576445102692 0.705387890338898 0.482869803905487 0.478056997060776 0.746680676937103
0.117241807281971 0.113699816167355 0.113791525363922 0.276798695325851 0.194430440664291 0.120529264211655 0.120851084589958 0.18889257311821 0.17317707836628 0.283955097198486 0.26660817861557 0.448446244001389 0.422477126121521 0.226030945777893 0.352865785360336 0.412393599748611 0.520717859268188 0.396427601575851 0.552520394325256 0.545631766319275 0.429779708385468 0.419063568115234 0.278994977474213 0.394762516021729 0.369485169649124 0.275790631771088 0.601813316345215 0.314313143491745 0.305217862129211 0.61600399017334 0.539329886436462 0.449074029922485 0.466878354549408 0.544511139392853 0.606962382793427 0.692694544792175 0.720123946666718 0.399172991514206 0.405747443437576 0.735417723655701 0.717609882354736 0.541497468948364 0.538085103034973 0.554948568344116 0.761573612689972 0.739052951335907
0.316748321056366 0.247304156422615 0.372167348861694 0.15139028429985 0.354302585124969 0.092993400990963 0.22988273203373 0.177333623170853 0.128929629921913 0.302858889102936 0.131882011890411 0.152092173695564 0.115527980029583 0.400138705968857 0.181123569607735 0.213518843054771 0.268999516963959 0.289953589439392 0.4493108689785 0.365970402956009 0.406177431344986 0.423351943492889 0.396765202283859 0.404783606529236 0.404433786869049 0.472912222146988 0.414880931377411 0.320805162191391 0.497967541217804 0.621717095375061 0.622468829154968 0.338892221450806 0.450329929590225 0.556552410125732 0.646983921527863 0.584899544715881 0.586735010147095 0.613209843635559 0.640256941318512 0.588612377643585 0.730515420436859 0.735802531242371 0.713793575763702 0.735259592533112 0.478714287281036 0.726749181747437
0.281546950340271 0.14898918569088 0.316987216472626 0.327000677585602 0.243939131498337 0.320210218429565 0.411097258329391 0.439882576465607 0.443940877914429 0.1734459400177 0.371668547391891 0.184898793697357 0.181835249066353 0.259195148944855 0.426921337842941 0.392526537179947 0.44436851143837 0.325511693954468 0.495496839284897 0.402901828289032 0.408082276582718 0.400635063648224 0.416666001081467 0.536243498325348 0.357979893684387 0.25739797949791 0.413738638162613 0.367581933736801 0.496613681316376 0.480265974998474 0.638616979122162 0.615124762058258 0.490360528230667 0.492816567420959 0.558576583862305 0.522119045257568 0.427267879247665 0.513159990310669 0.580225586891174 0.57457023859024 0.715819716453552 0.75398063659668 0.664512515068054 0.750808537006378 0.674579441547394 0.551114678382874
0.100043751299381 0.148396387696266 0.191835165023804 0.178930267691612 0.243218839168549 0.159937679767609 0.197510167956352 0.243366420269012 0.288003385066986 0.425071775913239 0.593807697296143 0.431740194559097 0.304991453886032 0.195566475391388 0.465368270874023 0.41707256436348 0.577799618244171 0.539773643016815 0.565201878547668 0.59938257932663 0.388219594955444 0.287439256906509 0.441459059715271 0.345918744802475 0.513556659221649 0.47669181227684 0.42213574051857 0.440916419029236 0.320849597454071 0.607264935970306 0.439030140638351 0.486189186573029 0.329666763544083 0.563522458076477 0.574734747409821 0.658464252948761 0.543171942234039 0.407717674970627 0.375964224338531 0.522396624088287 0.725946724414825 0.67659318447113 0.744779169559479 0.706712067127228 0.579407095909119 0.67213249206543
0.16293977200985 0.16350582242012 0.243186384439468 0.149849101901054 0.115216515958309 0.198119834065437 0.102348178625107 0.187503695487976 0.330234080553055 0.187631592154503 0.526495039463043 0.454312711954117 0.177019417285919 0.319502383470535 0.41691517829895 0.498516976833344 0.577338099479675 0.570866346359253 0.627227306365967 0.425201773643494 0.282377511262894 0.396437615156174 0.200875222682953 0.349096059799194 0.506705164909363 0.342658460140228 0.374865144491196 0.607522308826447 0.46338278055191 0.605759680271149 0.254559457302094 0.412054568529129 0.348657697439194 0.503208518028259 0.377739131450653 0.700486779212952 0.721649706363678 0.401455283164978 0.4964859187603 0.724356114864349 0.55445408821106 0.717799127101898 0.647262156009674 0.736210823059082 0.740118145942688 0.736867308616638
0.120511643588543 0.106194190680981 0.165864795446396 0.163147240877151 0.247307643294334 0.291715681552887 0.113208271563053 0.251739740371704 0.124703481793404 0.292780786752701 0.326323807239532 0.261436939239502 0.365568727254868 0.413025468587875 0.541183173656464 0.39763405919075 0.510755836963654 0.515884935855865 0.542251527309418 0.666823148727417 0.452524960041046 0.266378730535507 0.560047209262848 0.431439280509949 0.475988239049911 0.553913474082947 0.638733208179474 0.441969066858292 0.524992406368256 0.480353236198425 0.625951886177063 0.307168483734131 0.489345759153366 0.376108139753342 0.610379219055176 0.551747024059296 0.596450805664062 0.561969220638275 0.589307308197021 0.611781001091003 0.719720959663391 0.748970985412598 0.775146007537842 0.728948533535004 0.731235504150391 0.544753730297089
0.126081541180611 0.219668373465538 0.168590173125267 0.229598194360733 0.282370030879974 0.147769421339035 0.188945338129997 0.232319980859756 0.128143236041069 0.193788334727287 0.295569032430649 0.17609840631485 0.380048394203186 0.284417569637299 0.271306872367859 0.181042790412903 0.441927701234818 0.567372143268585 0.370907962322235 0.649461567401886 0.436066448688507 0.364637792110443 0.380896717309952 0.573447823524475 0.335528075695038 0.526840150356293 0.444346100091934 0.524725914001465 0.449397593736649 0.617392838001251 0.599591135978699 0.455106914043427 0.532569766044617 0.624460279941559 0.615360379219055 0.602791845798492 0.587978720664978 0.587635397911072 0.591088533401489 0.718860566616058 0.767154276371002 0.745138108730316 0.607473611831665 0.718153476715088 0.572564721107483 0.748549997806549
0.10884016752243 0.115157902240753 0.10956597328186 0.336165130138397 0.324442714452744 0.255651772022247 0.279682517051697 0.234128311276436 0.235817268490791 0.323386758565903 0.292147010564804 0.159595862030983 0.337133586406708 0.3382768034935 0.205194488167763 0.252101123332977 0.257114946842194 0.251945704221725 0.424429386854172 0.295652151107788 0.382476598024368 0.321114271879196 0.386372059583664 0.477326363325119 0.382783800363541 0.414114147424698 0.462143123149872 0.455385953187943 0.49546355009079 0.538381934165955 0.476064056158066 0.509835124015808 0.615717947483063 0.326211035251617 0.516753852367401 0.592317163944244 0.499028086662292 0.575084865093231 0.732205808162689 0.748512804508209 0.836723685264587 0.739992678165436 0.553128302097321 0.720551729202271 0.702951788902283 0.703730523586273
0.114215612411499 0.368434190750122 0.324798285961151 0.150133192539215 0.112526461482048 0.248576045036316 0.255102723836899 0.149405911564827 0.192725986242294 0.257148087024689 0.258225977420807 0.526814758777618 0.555546879768372 0.19719123840332 0.305904746055603 0.284672915935516 0.318836271762848 0.407816916704178 0.328528106212616 0.289532124996185 0.575462996959686 0.287918597459793 0.395315170288086 0.440994739532471 0.441130846738815 0.515158712863922 0.463281899690628 0.481947749853134 0.488521218299866 0.621704399585724 0.451008677482605 0.543096721172333 0.633061826229095 0.512170016765594 0.545254170894623 0.617845416069031 0.61687445640564 0.620562732219696 0.73275363445282 0.594780623912811 0.537791013717651 0.555946409702301 0.544934689998627 0.721299231052399 0.704329967498779 0.735497355461121
0.436841815710068 0.427310883998871 0.416022390127182 0.32703047990799 0.245935767889023 0.24584586918354 0.352269858121872 0.226874202489853 0.302451640367508 0.165752217173576 0.398504137992859 0.580237329006195 0.516311407089233 0.377279102802277 0.166505798697472 0.219120353460312 0.249293521046638 0.422005385160446 0.318665236234665 0.309994608163834 0.339241534471512 0.358256310224533 0.525340974330902 0.404727607965469 0.437237441539764 0.606692433357239 0.4295554459095 0.492791771888733 0.478419959545135 0.459529370069504 0.488064497709274 0.618480086326599 0.497636198997498 0.498529583215714 0.591105222702026 0.555998623371124 0.578864693641663 0.575371205806732 0.739080250263214 0.73665976524353 0.518452286720276 0.566796123981476 0.7417973279953 0.539753556251526 0.614264130592346 0.602965712547302
