data/texas.aegypti.asc
NCOLS 156 
NROWS 127 
XLLCORNER -106.642335766423 
YLLCORNER 25.8461538461539 
CELLSIZE 0.083941605839416 
NODATA_value -9999 
[rows 21 to 41 of 127, columns 92 to 137 of 156]
-9999 -9999 -9999 -9999 -9999 -9999 -9999 -9999 -9999 -9999 -9999 -9999 -9999 -9999 -9999 -9999 -9999 -9999 -9999 -9999 -9999 -9999 -9999 -9999 -9999 -9999 -9999 -9999 -9999 -9999 -9999 -9999 -9999 -9999 -9999 -9999 -9999 -9999 -9999 -9999 -9999 -9999 -9999 -9999 -9999 -9999
-9999 -9999 -9999 -9999 -9999 -9999 -9999 -9999 -9999 -9999 -9999 -9999 -9999 -9999 -9999 -9999 -9999 -9999 -9999 -9999 -9999 -9999 -9999 -9999 -9999 -9999 -9999 -9999 -9999 -9999 -9999 -9999 -9999 -9999 -9999 -9999 -9999 -9999 -9999 -9999 -9999 -9999 -9999 -9999 -9999 -9999
-9999 -9999 -9999 -9999 -9999 -9999 -9999 -9999 -9999 -9999 -9999 -9999 -9999 -9999 -9999 -9999 -9999 -9999 -9999 -9999 -9999 -9999 -9999 -9999 -9999 -9999 -9999 -9999 -9999 -9999 -9999 -9999 -9999 -9999 -9999 -9999 -9999 -9999 -9999 -9999 -9999 -9999 -9999 -9999 -9999 -9999
-9999 -9999 -9999 -9999 -9999 -9999 -9999 -9999 -9999 -9999 -9999 -9999 -9999 -9999 -9999 -9999 -9999 -9999 -9999 -9999 -9999 -9999 -9999 -9999 -9999 -9999 -9999 -9999 -9999 -9999 -9999 -9999 -9999 -9999 -9999 -9999 -9999 -9999 -9999 -9999 -9999 -9999 -9999 -9999 -9999 -9999
-9999 -9999 -9999 -9999 -9999 -9999 -9999 -9999 -9999 -9999 -9999 -9999 -9999 -9999 -9999 -9999 -9999 -9999 -9999 -9999 -9999 -9999 -9999 -9999 -9999 -9999 -9999 -9999 -9999 -9999 -9999 -9999 -9999 -9999 -9999 -9999 -9999 -9999 -9999 -9999 -9999 -9999 -9999 -9999 -9999 -9999
-9999 -9999 -9999 -9999 -9999 -9999 -9999 -9999 -9999 -9999 -9999 -9999 -9999 -9999 -9999 -9999 -9999 -9999 -9999 -9999 -9999 -9999 -9999 -9999 -9999 -9999 -9999 -9999 -9999 -9999 -9999 -9999 -9999 -9999 -9999 -9999 -9999 -9999 -9999 -9999 -9999 -9999 -9999 -9999 -9999 -9999
-9999 -9999 -9999 -9999 -9999 -9999 -9999 -9999 -9999 -9999 -9999 -9999 -9999 -9999 -9999 -9999 -9999 -9999 -9999 -9999 -9999 -9999 -9999 -9999 -9999 -9999 -9999 -9999 -9999 -9999 -9999 -9999 -9999 -9999 -9999 -9999 -9999 -9999 -9999 -9999 -9999 -9999 -9999 -9999 -9999 -9999
0.376722425222397 0.647916316986084 0.815160274505615 0.708633065223694 0.835300624370575 -9999 0.596677541732788 0.234819650650024 0.351485818624496 0.226950839161873 -9999 -9999 -9999 -9999 -9999 -9999 -9999 -9999 -9999 -9999 -9999 -9999 -9999 -9999 -9999 -9999 -9999 -9999 -9999 -9999 -9999 -9999 -9999 -9999 -9999 -9999 -9999 -9999 -9999 -9999 -9999 -9999 -9999 -9999 -9999 -9999
0.330297201871872 0.619658768177032 0.614154994487762 0.831860601902008 0.846010208129883 0.812813580036163 0.744501292705536 0.41991600394249 0.240903288125992 0.226875558495522 -9999 -9999 -9999 -9999 -9999 -9999 -9999 -9999 -9999 -9999 -9999 -9999 -9999 -9999 -9999 -9999 -9999 -9999 -9999 -9999 -9999 -9999 -9999 -9999 -9999 -9999 -9999 -9999 -9999 -9999 -9999 -9999 -9999 -9999 -9999 -9999
0.362238168716431 0.569221079349518 0.669715821743011 0.80729067325592 0.855682492256165 0.700358331203461 0.459439724683762 0.139152437448502 0.134220793843269 0.358732491731644 0.183929786086082 0.292582273483276 -9999 -9999 0.273759603500366 0.185226231813431 -9999 -9999 -9999 -9999 -9999 -9999 -9999 0.151069313287735 -9999 -9999 -9999 -9999 -9999 -9999 -9999 -9999 -9999 -9999 -9999 -9999 -9999 -9999 -9999 0.63618278503418 -9999 -9999 -9999 -9999 0.622153460979462 -9999
0.33342981338501 0.587094962596893 0.490112066268921 0.640233278274536 0.312877774238586 0.582709312438965 0.569981753826141 0.311070114374161 0.167130127549171 0.143014222383499 0.189099460840225 0.409786015748978 0.491885870695114 0.170357510447502 0.284653097391129 0.144096717238426 0.111844934523106 -9999 -9999 0.20451258122921 0.162533089518547 -9999 0.15289594233036 0.173068195581436 0.263029962778091 0.228838846087456 0.210276052355766 -9999 -9999 -9999 -9999 -9999 -9999 -9999 0.452513694763184 0.478765815496445 0.396905034780502 0.555649161338806 0.527068138122559 0.619079232215881 0.701307833194733 0.732383131980896 0.629253804683685 0.568977117538452 0.592554330825806 0.594903528690338
0.554430842399597 0.473474651575089 0.627305924892426 0.67830628156662 0.375113695859909 0.623514294624329 0.541406571865082 0.517400562763214 0.341001868247986 0.165798842906952 0.224534690380096 0.291750609874725 0.572432994842529 0.139983251690865 0.192391440272331 0.149254873394966 0.203978270292282 0.205569267272949 0.205509886145592 0.176368042826653 0.201014891266823 -9999 0.242408245801926 0.355564624071121 0.3308464884758 0.273548007011414 0.34286493062973 0.481123596429825 0.502632200717926 0.417396366596222 -9999 0.412286460399628 -9999 0.614276230335236 0.378297001123428 0.407708346843719 0.471371024847031 0.55745667219162 0.595188319683075 0.690764725208282 0.715281665325165 0.741232454776764 0.739678740501404 0.606469213962555 0.616768836975098 0.606225788593292
0.476899892091751 0.542956054210663 0.445641994476318 0.654625773429871 0.522155344486237 0.616284668445587 0.597213983535767 0.275493055582047 0.340183824300766 0.121699295938015 0.188346460461617 0.273406535387039 0.72838968038559 0.458879142999649 0.316388666629791 0.195272982120514 0.180553302168846 0.211652010679245 0.208136096596718 0.200207144021988 0.107954673469067 0.240283265709877 0.190883502364159 0.454261094331741 0.387520879507065 0.299835860729218 0.235495686531067 0.469546437263489 0.483668297529221 0.409688532352448 0.393040239810944 0.409415870904922 0.397892683744431 0.559410274028778 0.376914858818054 0.530982196331024 0.504501938819885 0.550553023815155 0.606247305870056 0.605192005634308 0.600787401199341 0.646280467510223 0.624985456466675 0.555766344070435 0.618152022361755 0.633982956409454
0.569690406322479 0.414936453104019 0.70040887594223 0.327998369932175 0.368047773838043 0.586932301521301 0.285927474498749 0.298315137624741 0.383861392736435 0.301494389772415 0.301408618688583 0.370519161224365 0.565781474113464 0.546369016170502 0.465148061513901 0.25303041934967 0.260524064302444 0.205285727977753 0.195431530475616 0.177679732441902 0.131895527243614 0.242638170719147 0.269146293401718 0.700473189353943 0.673219561576843 0.301028311252594 0.507173776626587 0.488190859556198 0.371737778186798 0.385151296854019 0.40178906917572 0.355363011360168 0.400098830461502 0.370083391666412 0.382715910673141 0.28659000992775 0.410637527704239 0.296554565429688 0.446946203708649 0.594224512577057 0.592395722866058 0.626593947410583 0.513242244720459 0.623872101306915 0.628403127193451 0.499774485826492
0.34989720582962 0.501368939876556 0.673309445381165 0.613001644611359 0.512851178646088 0.356040507555008 0.431648224592209 0.383534580469131 0.333450734615326 0.373681932687759 0.33362802863121 0.260469973087311 0.249156206846237 0.260218530893326 0.547639846801758 0.153648003935814 0.258810073137283 0.166371420025826 0.107866227626801 0.198448553681374 0.17401596903801 0.48159396648407 0.396343439817429 0.700277030467987 0.653257191181183 0.465244293212891 0.403188109397888 0.371752768754959 0.377188593149185 0.194468006491661 0.283509969711304 0.301710695028305 0.399832338094711 0.407693028450012 0.409772843122482 0.384617120027542 0.410548061132431 0.435999810695648 0.437459766864777 0.397535771131516 0.326169073581696 0.442199885845184 0.508941769599915 0.490993648767471 0.495239436626434 0.618681609630585
0.632545113563538 0.41073077917099 0.585486054420471 0.292610436677933 0.576080918312073 0.205370858311653 0.352831542491913 0.152408480644226 0.165862217545509 0.507729172706604 0.300922155380249 0.364756882190704 0.264261871576309 0.408641964197159 0.727110683917999 0.264609217643738 0.271621465682983 0.245386779308319 0.0992737710475922 0.342567086219788 0.414261400699615 0.792965590953827 0.575425446033478 0.695085763931274 0.697641015052795 0.440625846385956 0.429172396659851 0.512512743473053 0.514233410358429 0.389655590057373 0.398313671350479 0.395764380693436 0.434847414493561 0.410768866539001 0.440805524587631 0.44764518737793 0.394786059856415 0.448222100734711 0.358423680067062 0.191457539796829 0.49551185965538 0.469411045312881 0.32659238576889 0.340839803218842 0.492390662431717 0.488531529903412
0.402674168348312 0.568284213542938 0.328058779239655 0.327107340097427 0.319663733243942 0.201163649559021 0.133084774017334 0.154404193162918 0.11768015474081 0.614955067634583 0.249548777937889 0.404968470335007 0.504995048046112 0.750698924064636 0.728441298007965 0.350712090730667 0.402337491512299 0.218682393431664 0.211766004562378 0.391382396221161 0.540475249290466 0.904514312744141 0.745310246944427 0.805094242095947 0.728178083896637 0.366006553173065 0.581025362014771 0.649184465408325 0.625032961368561 0.422717064619064 0.44241201877594 0.397925585508347 0.292286455631256 0.436681747436523 0.391138672828674 0.419811248779297 0.57194596529007 0.456304997205734 0.419722586870193 0.472504585981369 0.493849992752075 0.482326209545135 0.469469606876373 0.472705960273743 0.499962717294693 0.502145111560822
0.271696716547012 0.282386511564255 0.612580060958862 0.76158744096756 0.703075647354126 0.225495517253876 0.203265115618706 0.125246480107307 0.134750708937645 0.193025380373001 0.318435937166214 0.475993782281876 0.439458042383194 0.543320715427399 0.563041985034943 0.559505343437195 0.575168192386627 0.352715194225311 0.167135536670685 0.621783494949341 0.659135103225708 0.795653283596039 0.797268211841583 0.806893825531006 0.798440635204315 0.804108083248138 0.800783455371857 0.811756491661072 0.811245501041412 0.625229179859161 0.531621336936951 0.333665400743484 0.435652792453766 0.489755153656006 0.537500143051147 0.511353015899658 0.270847529172897 0.399018853902817 0.400707334280014 0.555496633052826 0.571114301681519 0.565156638622284 0.365520507097244 0.536348164081573 0.461667537689209 0.690609037876129
0.271523594856262 0.465807497501373 0.34528923034668 0.500803351402283 0.768209457397461 0.198065042495728 0.216168969869614 0.136138960719109 0.192160338163376 0.316508382558823 0.257442712783813 0.273829072713852 0.517862558364868 0.581100285053253 0.592636704444885 0.42417511343956 0.620633065700531 0.35155513882637 0.355928182601929 0.767806887626648 0.583788514137268 0.799121975898743 0.789824903011322 0.794964253902435 0.821558058261871 0.797514796257019 0.894723057746887 0.801538228988647 0.784302711486816 0.375909835100174 0.486219823360443 0.402874827384949 0.399813890457153 0.401399165391922 0.541127502918243 0.427766710519791 0.395254999399185 0.411156237125397 0.304072588682175 0.344981640577316 0.568104803562164 0.482963860034943 0.474863171577454 0.476489812135696 0.668585419654846 0.615033984184265
0.268919795751572 0.23764756321907 0.526907503604889 0.362356692552567 0.48498997092247 0.582464218139648 0.527973532676697 0.351642996072769 0.458343178033829 0.357866615056992 0.50640869140625 0.17462731897831 0.279087901115417 0.334407389163971 0.324959129095078 0.431599527597427 0.617476344108582 0.593199908733368 0.718527913093567 0.818751454353333 0.821373760700226 0.869765162467957 0.729043424129486 0.933763146400452 0.931905925273895 0.921660959720612 0.897733271121979 0.800118207931519 0.805484890937805 0.740065455436707 0.640557587146759 0.38022181391716 0.333972811698914 0.386337339878082 0.410254299640656 0.429372906684875 0.409797072410583 0.331792801618576 0.459479808807373 0.480061322450638 0.483933389186859 0.478133231401443 0.413231313228607 0.517113089561462 0.495819807052612 0.487878054380417
0.456963032484055 0.323070347309113 0.262265115976334 0.22992105782032 0.458711951971054 0.549403965473175 0.302829325199127 0.276727467775345 0.549275815486908 0.271330595016479 0.534006655216217 0.361239403486252 0.351136416196823 0.377172499895096 0.375121861696243 0.61192262172699 0.772991418838501 0.699889600276947 0.731127858161926 0.821057260036469 0.896725833415985 0.883664608001709 0.855123817920685 0.854954183101654 0.878713965415955 0.945368468761444 0.945185840129852 0.913318991661072 0.778948605060577 0.797636449337006 0.75318318605423 0.388096034526825 0.416202396154404 0.412263184785843 0.520516932010651 0.214497327804565 0.42675045132637 0.292231112718582 0.446163654327393 0.373061418533325 0.481907427310944 0.331212192773819 0.458089262247086 0.362325131893158 0.435016274452209 0.493582397699356
