data/texas.aegypti.asc
NCOLS 156 
NROWS 127 
XLLCORNER -106.642335766423 
YLLCORNER 25.8461538461539 
CELLSIZE 0.083941605839416 
NODATA_value -9999 
[rows 0 to 20 of 127, columns 46 to 91 of 156]
0.0247536785900593 0.0227572005242109 0.0228451453149319 0.0230850130319595 0.0228256043046713 0.0864394530653954 0.0867393165826797 0.126677945256233 0.123088717460632 0.213102221488953 0.223842546343803 0.223600342869759 0.219833895564079 0.203878164291382 0.235223695635796 0.220870494842529 0.0843169093132019 0.230589643120766 0.230726197361946 0.227528437972069 0.0925413817167282 0.193801671266556 0.176863566040993 0.424553751945496 0.269959092140198 0.319787174463272 0.116793110966682 0.122166931629181 0.132254675030708 0.290182828903198 0.297753840684891 0.249875515699387 0.280963063240051 -9999 -9999 -9999 -9999 -9999 -9999 -9999 -9999 -9999 -9999 -9999 -9999 -9999
0.0778830498456955 0.0716573670506477 0.0854163393378258 0.0806949511170387 0.025158179923892 0.0830188617110252 0.0937325581908226 0.14072248339653 0.120761379599571 0.233965307474136 0.200477540493011 0.184975743293762 0.217743143439293 0.229695320129395 0.208102717995644 0.204835623502731 0.232001066207886 0.227451577782631 0.230548068881035 0.235909089446068 0.193449765443802 0.192878752946854 0.10599073022604 0.262180328369141 0.260830909013748 0.318639010190964 0.232475250959396 0.221300587058067 0.187445625662804 0.123998239636421 0.148278772830963 0.112347602844238 0.132339268922806 -9999 -9999 -9999 -9999 -9999 -9999 -9999 -9999 -9999 -9999 -9999 -9999 -9999
0.0905157923698425 0.0879801362752914 0.0918779298663139 0.0981941074132919 0.0914738550782204 0.0842648893594742 0.0939811840653419 0.22445809841156 0.201801046729088 0.213999688625336 0.121082097291946 0.181719928979874 0.192397937178612 0.134537890553474 0.229910239577293 0.162589728832245 0.090924397110939 0.185166999697685 0.20355623960495 0.0762350335717201 0.225357964634895 0.206750631332397 0.2041055560112 0.265401005744934 0.180455163121223 0.169403821229935 0.144187361001968 0.176332771778107 0.206476986408234 0.120732419192791 0.164350181818008 0.328343272209167 0.125412553548813 -9999 -9999 -9999 -9999 -9999 -9999 -9999 -9999 -9999 -9999 -9999 -9999 -9999
0.0787528827786446 0.104355551302433 0.214595019817352 0.21580271422863 0.0797790586948395 0.0776867493987083 0.0896728858351707 0.211754247546196 0.226325780153275 0.181650146842003 0.217435300350189 0.38083815574646 0.193358764052391 0.205672055482864 0.218673810362816 0.194590002298355 0.108854852616787 0.187516137957573 0.186799332499504 0.21787928044796 0.239548310637474 0.124148063361645 0.0780459642410278 0.109836749732494 0.113443292677402 0.109730333089828 0.113976135849953 0.180613592267036 0.155527457594872 0.323551267385483 0.120684199035168 0.120081692934036 0.151818573474884 -9999 -9999 -9999 -9999 -9999 -9999 -9999 -9999 -9999 -9999 -9999 -9999 -9999
0.0945455878973007 0.0853805765509605 0.203793525695801 0.0945493876934052 0.0842186734080315 0.0771841034293175 0.0798163339495659 0.201728850603104 0.183787867426872 0.166656270623207 0.388237833976746 0.375095009803772 0.411282449960709 0.214605122804642 0.239852413535118 0.200754955410957 0.199226230382919 0.141613751649857 0.146868720650673 0.0750647857785225 0.06589724868536 0.114161819219589 0.170448780059814 0.210205987095833 0.149280875921249 0.234445065259933 0.285393685102463 0.143245950341225 0.311722368001938 0.305426001548767 0.106251314282417 0.103607848286629 0.104097932577133 -9999 -9999 -9999 -9999 -9999 -9999 -9999 -9999 -9999 -9999 -9999 -9999 -9999
0.0498479157686234 0.0249290745705366 0.0247286148369312 0.0735718458890915 0.0952213853597641 0.0851626247167587 0.0784017890691757 0.202681332826614 0.202015966176987 0.405296266078949 0.373031556606293 0.385109841823578 0.192298069596291 0.230436980724335 0.220766112208366 0.18015331029892 0.092106781899929 0.11045104265213 0.085877887904644 0.194474428892136 0.208221152424812 0.123182997107506 0.0661572217941284 0.149759009480476 0.0999331027269363 0.10948845744133 0.141440376639366 0.131332635879517 0.20279835164547 0.302969217300415 0.300242632627487 0.110037252306938 0.305190831422806 -9999 -9999 -9999 -9999 -9999 -9999 -9999 -9999 -9999 -9999 -9999 -9999 -9999
0.22814966738224 0.203998476266861 0.0645497366786003 0.210983648896217 0.232052326202393 0.0953243002295494 0.079481303691864 0.196474477648735 0.414893746376038 0.19830584526062 0.190323650836945 0.0584263131022453 0.0740599036216736 0.17693667113781 0.0610706210136414 0.102239459753036 0.0663249120116234 0.0993357598781586 0.112537331879139 0.188245117664337 0.0708900392055511 0.0636413916945457 0.0693604126572609 0.12057576328516 0.114735923707485 0.116004884243011 0.117073535919189 0.25802755355835 0.120900765061378 0.107089452445507 0.137248352169991 0.151576727628708 0.184394016861916 -9999 -9999 -9999 -9999 -9999 -9999 -9999 -9999 -9999 -9999 -9999 -9999 -9999
0.0681701228022575 0.0654857158660889 0.0645736083388329 0.181036278605461 0.212154939770699 0.0795522928237915 0.0884516909718513 0.204185858368874 0.204658955335617 0.0734074711799622 0.0653727129101753 0.058442797511816 0.0616595335304737 0.0824136286973953 0.388232171535492 0.0838251188397408 0.448541522026062 0.281865447759628 0.138505846261978 0.208681523799896 0.0787708386778831 0.0726535469293594 0.0718402937054634 0.178969025611877 0.122567847371101 0.116226889193058 0.20518434047699 0.150024428963661 0.24057225883007 0.278887420892715 0.166764780879021 0.288676023483276 0.265901118516922 -9999 -9999 -9999 -9999 -9999 -9999 -9999 -9999 -9999 -9999 -9999 -9999 -9999
0.0832276418805122 0.0674609318375587 0.0691195353865623 0.203961908817291 0.141526415944099 0.0678583756089211 0.105649329721928 0.0677617862820625 0.06537926197052 0.0635389611124992 0.0727145746350288 0.0674922093749046 0.0675928741693497 0.462020844221115 0.284323394298553 0.326065897941589 0.320703029632568 0.219779893755913 0.0862783715128899 0.0840432494878769 0.084672711789608 0.308782786130905 0.299549788236618 0.253553926944733 0.126177936792374 0.280704140663147 0.312250852584839 0.110990233719349 0.110964842140675 0.14493303000927 0.189279720187187 0.119746744632721 0.128070801496506 -9999 -9999 -9999 -9999 -9999 -9999 -9999 -9999 -9999 -9999 -9999 -9999 -9999
0.0598020516335964 0.0659329667687416 0.0713880732655525 0.0935136452317238 0.0741038993000984 0.161279767751694 0.0789170414209366 0.14939546585083 0.123316518962383 0.074129156768322 0.0677439942955971 0.0653409734368324 0.110624589025974 0.0735819041728973 0.0719483941793442 0.0796941146254539 0.0697658285498619 0.0716549903154373 0.0707507357001305 0.429394394159317 0.403811037540436 0.402356088161469 0.465331196784973 0.542566001415253 0.336450785398483 0.142710074782372 0.162102907896042 0.333501636981964 0.139216274023056 0.157859563827515 0.243980601429939 0.114102080464363 0.13251043856144 -9999 -9999 -9999 -9999 -9999 -9999 -9999 -9999 -9999 -9999 -9999 -9999 -9999
0.0656292736530304 0.10970401018858 0.067606084048748 0.107381820678711 0.0900245681405067 0.0681523531675339 0.10259286314249 0.0949405133724213 0.0944976061582565 0.104341208934784 0.199023172259331 0.0606312714517117 0.104191072285175 0.0693491399288177 0.0776626318693161 0.274634420871735 0.13329753279686 0.13429568707943 0.17440290749073 0.256196945905685 0.412512719631195 0.311823070049286 0.203339159488678 0.164254173636436 0.106827810406685 0.302709221839905 0.168997034430504 0.306822508573532 0.276058316230774 0.369668185710907 0.2998026907444 0.367236822843552 0.245106130838394 -9999 -9999 -9999 -9999 -9999 -9999 -9999 -9999 -9999 -9999 -9999 -9999 -9999
0.0652570724487305 0.0764394178986549 0.0653871893882751 0.16823922097683 0.152547836303711 0.197574764490128 0.0876486301422119 0.0753850862383842 0.0909822061657906 0.0689300000667572 0.108222439885139 0.0980668589472771 0.0920280814170837 0.0723292827606201 0.29570683836937 0.312119960784912 0.303997844457626 0.293413817882538 0.302106767892838 0.302095144987106 0.258396178483963 0.126587942242622 0.136153608560562 0.175297543406487 0.152389034628868 0.178231373429298 0.14030522108078 0.315297931432724 0.31928014755249 0.154242143034935 0.187223091721535 0.37827205657959 0.348477691411972 -9999 -9999 -9999 -9999 -9999 -9999 -9999 -9999 -9999 -9999 -9999 -9999 -9999
0.0254731848835945 0.0265824031084776 0.0252955611795187 0.0261438060551882 0.0292643904685974 0.0709057226777077 0.0728070810437202 0.0776956677436829 0.0830217152833939 0.0646543651819229 0.314423799514771 0.401145458221436 0.401234269142151 0.440139204263687 0.492314070463181 0.490780025720596 0.175447061657906 0.178869485855103 0.181286796927452 0.178341656923294 0.117332018911839 0.14453350007534 0.321799844503403 0.130672618746758 0.107402987778187 0.302415281534195 0.294164597988129 0.138641372323036 0.168878510594368 0.226369321346283 0.382639199495316 0.274961888790131 0.393923610448837 -9999 -9999 -9999 -9999 -9999 -9999 -9999 -9999 -9999 -9999 -9999 -9999 -9999
0.024834718555212 0.0346355922520161 0.025623507797718 0.0820541754364967 0.0425871163606644 0.0711714774370193 0.222746849060059 0.290913909673691 0.260116666555405 0.211792603135109 0.436479389667511 0.54024863243103 0.30108830332756 0.502771019935608 0.277112990617752 0.110655784606934 0.112186215817928 0.303437739610672 0.295067757368088 0.293451130390167 0.324926942586899 0.197807088494301 0.341020911931992 0.149440094828606 0.245745047926903 0.340032666921616 0.273042261600494 0.140983775258064 0.144538417458534 0.202407255768776 0.354560673236847 0.197615727782249 0.373885929584503 -9999 -9999 -9999 -9999 -9999 -9999 -9999 -9999 -9999 -9999 -9999 -9999 -9999
0.025275582447648 0.0842596665024757 0.0277273859828711 0.0385590717196465 0.0860460996627808 0.0541750565171242 0.0823808833956718 0.0939706042408943 0.30696165561676 0.429285198450089 0.542891204357147 0.419908881187439 0.491219520568848 0.386236667633057 0.291031420230865 0.113931030035019 0.113210111856461 0.18197226524353 0.122983835637569 0.113153204321861 0.310480296611786 0.329168498516083 0.330239057540894 0.117621563374996 0.1534623503685 0.392312705516815 0.267650008201599 0.225228384137154 0.159595489501953 0.369338691234589 0.374730914831161 0.145160287618637 0.227831795811653 -9999 -9999 -9999 -9999 -9999 -9999 -9999 -9999 -9999 -9999 -9999 -9999 -9999
0.0262624230235815 0.0841605439782143 0.0667732879519463 0.0798400491476059 0.0865243896842003 0.148068130016327 0.161848783493042 0.19341067969799 0.0724464952945709 0.432054758071899 0.309093564748764 0.386052578687668 0.392320662736893 0.105563178658485 0.110453583300114 0.114844769239426 0.181450247764587 0.310683846473694 0.117564313113689 0.104866847395897 0.282408118247986 0.143663689494133 0.194376364350319 0.180229142308235 0.179646566510201 0.194003850221634 0.242183372378349 0.377772212028503 0.192245364189148 0.331446588039398 0.341863185167313 0.187615051865578 0.255245089530945 -9999 -9999 -9999 -9999 -9999 -9999 -9999 -9999 -9999 -9999 -9999 -9999 -9999
0.0853181779384613 0.0886251032352448 0.0851340815424919 0.0777712464332581 0.0787297859787941 0.194493755698204 0.19749628007412 0.107284031808376 0.097208559513092 0.423887699842453 0.412963837385178 0.167862102389336 0.108845211565495 0.157563403248787 0.145112097263336 0.166837766766548 0.143768340349197 0.13050040602684 0.1286581158638 0.139843836426735 0.21345941722393 0.208653926849365 0.218540877103806 0.314628839492798 0.255241990089417 0.352495282888412 0.417412579059601 0.344267338514328 0.387225240468979 0.350558638572693 0.242522463202477 0.154402792453766 0.215325087308884 -9999 -9999 -9999 -9999 -9999 -9999 -9999 -9999 -9999 -9999 -9999 -9999 -9999
0.0257163867354393 0.0535455457866192 0.0532371774315834 0.086427628993988 0.209835737943649 0.421588957309723 0.208090931177139 0.112735524773598 0.0762171968817711 0.0767521932721138 0.289553552865982 0.108904883265495 0.107774533331394 0.282078176736832 0.237923741340637 0.287942320108414 0.127470031380653 0.164115607738495 0.146312028169632 0.107417948544025 0.163404136896133 0.10036052018404 0.119022227823734 0.306306481361389 0.309435069561005 0.357504338026047 0.230454623699188 0.19768425822258 0.359272301197052 0.352000206708908 0.220401600003242 0.241309002041817 0.226974010467529 -9999 -9999 -9999 -9999 -9999 -9999 -9999 -9999 -9999 -9999 -9999 -9999 -9999
0.0838959589600563 0.0663534998893738 0.0789417326450348 0.18453474342823 0.186222016811371 0.145066037774086 0.046098817139864 0.0780428498983383 0.103533297777176 0.074480913579464 0.139312744140625 0.288727730512619 0.19569756090641 0.307484477758408 0.114599861204624 0.159435778856277 0.273692846298218 0.109044723212719 0.256992489099503 0.21555569767952 0.17698723077774 0.213337540626526 0.217549726366997 0.380219042301178 0.370335429906845 0.193237036466599 0.206818237900734 0.195483699440956 0.235747411847115 0.230580776929855 0.353421241044998 0.182444974780083 0.326507806777954 -9999 -9999 -9999 -9999 -9999 -9999 -9999 -9999 -9999 -9999 -9999 -9999 -9999
0.0831320285797119 0.0413029752671719 0.205370739102364 0.193236336112022 0.0666342824697495 0.0834037438035011 0.0444459579885006 0.0793008208274841 0.0794162526726723 0.232098549604416 0.167712479829788 0.168215602636337 0.179647162556648 0.127070516347885 0.157402440905571 0.108140878379345 0.15044666826725 0.141576141119003 0.186142161488533 0.24029415845871 0.142513230443001 0.260498195886612 0.270958513021469 0.272737264633179 0.145542204380035 0.212064892053604 0.335994839668274 0.193307384848595 0.202282041311264 0.323176026344299 0.380777716636658 0.376994013786316 0.385114103555679 -9999 -9999 -9999 -9999 -9999 -9999 -9999 -9999 -9999 -9999 -9999 -9999 -9999
0.0826148465275764 0.0971308872103691 0.0777619108557701 0.0901877209544182 0.0791524574160576 0.0868602842092514 0.0284781027585268 0.0809478536248207 0.121351450681686 0.232433617115021 0.274329155683517 0.195722386240959 0.304717361927032 0.145348325371742 0.309426158666611 0.156498149037361 0.190096125006676 0.257632881402969 0.290812641382217 0.132414162158966 0.123651012778282 0.255813002586365 0.28969419002533 0.173231169581413 0.302842438220978 0.286230087280273 0.35822257399559 0.234999015927315 0.221327394247055 0.230115830898285 0.243001908063889 0.239521026611328 0.180705636739731 -9999 -9999 -9999 -9999 -9999 -9999 -9999 -9999 -9999 -9999 -9999 -9999 -9999
