data/texas.aegypti.asc
NCOLS 156 
NROWS 127 
XLLCORNER -106.642335766423 
YLLCORNER 25.8461538461539 
CELLSIZE 0.083941605839416 
NODATA_value -9999 
[rows 84 to 104 of 127, columns 92 to 137 of 156]
0.797274112701416 0.832051336765289 0.842595219612122 0.851000130176544 0.854467391967773 0.852722823619843 0.818485498428345 0.790676414966583 0.770838797092438 0.686370730400085 0.67974990606308 0.705941498279572 0.615535914897919 0.764269888401031 0.729040086269379 0.829466104507446 0.831809282302856 0.84383088350296 0.843304395675659 0.831150770187378 0.855575978755951 0.916479110717773 0.862572610378265 0.825064420700073 0.916178047657013 0.809796094894409 0.905453145503998 0.87070506811142 0.895352303981781 0.872497916221619 0.859186470508575 0.890682578086853 0.879876255989075 0.927377939224243 0.941136956214905 0.883650958538055 0.887038052082062 0.887251615524292 0.893006980419159 0.872998297214508 0.900804162025452 0.891633570194244 0.887314677238464 0.889675319194794 0.877529501914978 0.897501289844513
0.843802154064178 0.846909046173096 0.803967416286469 0.849927127361298 0.692398250102997 0.846237480640411 0.843538224697113 0.84510862827301 0.680751979351044 0.517313539981842 0.553070247173309 0.694329619407654 0.76719081401825 0.804832577705383 0.816280424594879 0.828199863433838 0.822336196899414 0.801515519618988 0.749314665794373 0.862200081348419 0.753313660621643 0.741734385490417 0.864748477935791 0.853172481060028 0.854694604873657 0.829624712467194 0.841123878955841 0.770590543746948 0.884657442569733 0.8744295835495 0.873143315315247 0.912609875202179 0.893340528011322 0.88770318031311 0.89085191488266 0.890341520309448 0.818352222442627 0.644123136997223 0.887696862220764 0.884810864925385 0.853634774684906 0.888981878757477 0.919345140457153 0.919149160385132 0.88934463262558 0.891643166542053
0.852198123931885 0.738825440406799 0.575814843177795 0.710743188858032 0.746861338615417 0.731624364852905 0.706090152263641 0.583912432193756 0.710914850234985 0.842154681682587 0.609420478343964 0.711569905281067 0.655484080314636 0.674520134925842 0.703471601009369 0.712806820869446 0.669614493846893 0.816594064235687 0.820896089076996 0.911455869674683 0.900195419788361 0.697188377380371 0.763634979724884 0.845650017261505 0.834984540939331 0.712943911552429 0.838578522205353 0.824777603149414 0.807766973972321 0.805222153663635 0.86018979549408 0.905529737472534 0.898800790309906 0.84892463684082 0.893047392368317 0.866746127605438 0.784888029098511 0.842418193817139 0.892949402332306 0.925449788570404 0.847457885742188 0.87274444103241 0.934285342693329 0.890681564807892 0.888944029808044 0.833243906497955
0.741709768772125 0.717356562614441 0.713991343975067 0.704690933227539 0.637119352817535 0.595453858375549 0.736234843730927 0.70424872636795 0.704960703849792 0.715348958969116 0.682667195796967 0.574580609798431 0.67514979839325 0.779418647289276 0.697877705097198 0.68947696685791 0.801031708717346 0.77041232585907 0.777990639209747 0.8965665102005 0.911719739437103 0.840526461601257 0.819741666316986 0.813337028026581 0.822369694709778 0.813275098800659 0.838570654392242 0.827297866344452 0.825636684894562 0.817443072795868 0.842477858066559 0.85220992565155 0.884555876255035 0.878408908843994 0.883670687675476 0.907742857933044 0.914024531841278 0.787424445152283 0.928177714347839 0.899755895137787 0.902019262313843 0.933440029621124 0.841145515441895 0.922428131103516 0.86083972454071 -9999
0.467222630977631 0.561961054801941 0.418009400367737 0.493058532476425 0.760915637016296 0.832802057266235 0.754108309745789 0.702182769775391 0.533663809299469 0.71764749288559 0.615408658981323 0.692196846008301 0.780670046806335 0.800410687923431 0.643739104270935 0.784275829792023 0.667649149894714 0.715789318084717 0.739924788475037 0.828280627727509 0.823708236217499 0.845839321613312 0.837206900119781 0.828793108463287 0.675458490848541 0.840600073337555 0.867746710777283 0.860328257083893 0.855617761611938 0.813901364803314 0.779711842536926 0.87649142742157 0.88029682636261 0.860540330410004 0.834427773952484 0.905024170875549 0.881305575370789 0.810205042362213 0.753689110279083 0.819777369499207 0.928743243217468 0.885194420814514 0.927562892436981 0.943522751331329 -9999 -9999
0.644586205482483 0.715319335460663 0.522162258625031 0.521749317646027 0.845463812351227 0.698650717735291 0.708789885044098 0.547978758811951 0.713881075382233 0.657470285892487 0.596497058868408 0.687521994113922 0.817021787166595 0.670885920524597 0.794280707836151 0.76671040058136 0.801188468933105 0.697036564350128 0.725456357002258 0.729857206344604 0.722397446632385 0.826202809810638 0.899624884128571 0.859156847000122 0.893648445606232 0.89355456829071 0.834812700748444 0.835570812225342 0.73799055814743 0.825075805187225 0.819981157779694 0.862986087799072 0.868784606456757 0.845174252986908 0.794800043106079 0.828509151935577 0.800205945968628 0.883714556694031 0.818877220153809 0.803905010223389 0.892597675323486 0.886788368225098 0.900379836559296 -9999 -9999 -9999
0.470411777496338 0.716894507408142 0.713010191917419 0.715632498264313 0.713054895401001 0.548976302146912 0.488793581724167 0.711724758148193 0.716097772121429 0.725077033042908 0.659738898277283 0.477893143892288 0.832793474197388 0.901076376438141 0.809281706809998 0.683700561523438 0.653017818927765 0.710817873477936 0.724733948707581 0.815459430217743 0.723359644412994 0.82326602935791 0.890016973018646 0.945780754089355 0.88539707660675 0.808017313480377 0.841557919979095 0.870183646678925 0.847944736480713 0.864191293716431 0.823400914669037 0.787052392959595 0.843877077102661 0.788421928882599 0.832809090614319 0.851843655109406 0.80113685131073 0.812657833099365 0.829126715660095 0.878334879875183 0.851724922657013 -9999 -9999 -9999 -9999 -9999
0.432681560516357 0.49568435549736 0.531868696212769 0.507126748561859 0.492603629827499 0.606701731681824 0.66343891620636 0.707352697849274 0.711741089820862 0.436992645263672 0.370172113180161 0.775933563709259 0.806241452693939 0.679816365242004 0.74445503950119 0.819699168205261 0.757362425327301 0.758216977119446 0.641053795814514 0.804327368736267 0.880281567573547 0.845966517925262 0.892595529556274 0.807296752929688 0.866144478321075 0.880245447158813 0.828096568584442 0.758026599884033 0.820383787155151 0.869613111019135 0.809070229530334 0.801463961601257 0.908456385135651 0.872949004173279 0.829734921455383 0.84048855304718 -9999 0.62601774930954 0.742017030715942 -9999 -9999 -9999 -9999 -9999 -9999 -9999
0.417539954185486 0.484951555728912 0.487156480550766 0.507961332798004 0.50921767950058 0.652595520019531 0.43570739030838 0.761579930782318 0.645497679710388 0.671235263347626 0.68339878320694 0.771771132946014 0.694591999053955 0.712685286998749 0.739367604255676 0.830119550228119 0.809301376342773 0.815132558345795 0.677300453186035 0.771547317504883 0.723083913326263 0.813283503055573 0.816801905632019 0.884906828403473 0.866280198097229 0.869968593120575 0.798911273479462 0.804236471652985 -9999 0.761996686458588 0.635714471340179 -9999 0.738452732563019 0.82916659116745 -9999 0.79919695854187 -9999 -9999 -9999 -9999 -9999 -9999 -9999 -9999 -9999 -9999
0.410365611314774 0.563618302345276 0.463069498538971 0.501873314380646 0.315212935209274 0.650267541408539 0.641924858093262 0.676816999912262 0.764899432659149 0.672714591026306 0.624804198741913 0.633561134338379 0.762400150299072 0.728434443473816 0.720257341861725 0.81596577167511 0.800059258937836 0.654871046543121 0.764830887317657 0.696342945098877 0.652167916297913 0.809684991836548 0.820482552051544 0.829423725605011 0.807753503322601 0.736765384674072 0.807502865791321 0.883812844753265 0.777024328708649 0.221811503171921 -9999 -9999 -9999 -9999 -9999 -9999 -9999 -9999 -9999 -9999 -9999 -9999 -9999 -9999 -9999 -9999
0.65893280506134 0.643987476825714 0.664202094078064 0.636958003044128 0.665200114250183 0.715841472148895 0.714497208595276 0.695188581943512 0.842193484306335 0.748246431350708 0.710064291954041 0.677031219005585 0.603277087211609 0.873465418815613 0.856208980083466 0.660094261169434 0.672463655471802 0.747491061687469 0.624188542366028 0.758869171142578 0.791475355625153 0.773721635341644 0.757703244686127 0.775913596153259 0.801400542259216 0.741898059844971 0.79550963640213 0.787353754043579 0.774640798568726 0.86243212223053 -9999 -9999 -9999 -9999 -9999 -9999 -9999 -9999 -9999 -9999 -9999 -9999 -9999 -9999 -9999 -9999
0.464429825544357 0.582171678543091 0.527174949645996 0.563625454902649 0.473916321992874 0.577797412872314 0.747468888759613 0.753992199897766 0.774925887584686 0.689567267894745 0.761031150817871 0.683680176734924 0.686446666717529 0.857273280620575 0.860955059528351 0.780178546905518 0.676691353321075 0.77057409286499 0.76248687505722 0.786703526973724 0.754583179950714 0.709098935127258 0.660520374774933 0.809673309326172 0.778938114643097 0.191368699073792 -9999 0.824104309082031 0.802690446376801 0.464192718267441 0.773042798042297 -9999 -9999 -9999 -9999 -9999 -9999 -9999 -9999 -9999 -9999 -9999 -9999 -9999 -9999 -9999
0.603789746761322 0.753000378608704 0.62598592042923 0.497208595275879 0.67376971244812 0.620837330818176 0.530293822288513 0.617831945419312 0.671844065189362 0.735039353370667 0.756550014019012 0.729289174079895 0.846279263496399 0.758059203624725 0.825393438339233 0.80985015630722 0.775624096393585 0.716167628765106 0.787891745567322 0.833809614181519 0.847261130809784 0.811613321304321 0.700354754924774 0.784579455852509 0.755003452301025 0.675799965858459 -9999 0.531878173351288 0.569463908672333 -9999 -9999 -9999 -9999 -9999 -9999 -9999 -9999 -9999 -9999 -9999 -9999 -9999 -9999 -9999 -9999 -9999
0.484444200992584 0.501623570919037 0.631195902824402 0.760623157024384 0.526101648807526 0.620672285556793 0.656599283218384 0.727106869220734 0.712849915027618 0.665953040122986 0.703751385211945 0.85380882024765 0.846891403198242 0.834614455699921 0.813030540943146 0.811267495155334 0.805129885673523 0.734189748764038 0.772284030914307 0.858641147613525 0.746767401695251 0.817261517047882 0.809834957122803 0.765000879764557 0.74971878528595 0.66916811466217 -9999 0.718231618404388 -9999 -9999 -9999 -9999 -9999 -9999 -9999 -9999 -9999 -9999 -9999 -9999 -9999 -9999 -9999 -9999 -9999 -9999
0.51920884847641 0.521722197532654 0.513609528541565 0.512767970561981 0.65156227350235 0.473326086997986 0.499350726604462 0.67284482717514 0.701132833957672 0.707852959632874 0.729954123497009 0.8340123295784 0.634854972362518 0.901763319969177 0.803087770938873 0.828525304794312 0.822833478450775 0.83045494556427 0.820229232311249 0.837668597698212 0.832825243473053 -9999 -9999 -9999 0.526312112808228 0.496076226234436 -9999 -9999 -9999 -9999 -9999 -9999 -9999 -9999 -9999 -9999 -9999 -9999 -9999 -9999 -9999 -9999 -9999 -9999 -9999 -9999
0.540475785732269 0.710024476051331 0.511513829231262 0.556907594203949 0.517408072948456 0.580399334430695 0.529440462589264 0.773413300514221 0.757293462753296 0.763681292533875 0.835849523544312 0.731220781803131 0.828470885753632 0.895097851753235 0.689944446086884 0.672305285930634 0.892435550689697 0.895088374614716 0.820517838001251 0.826445460319519 0.772880077362061 -9999 0.885890007019043 -9999 0.700211882591248 -9999 -9999 -9999 -9999 -9999 -9999 -9999 -9999 -9999 -9999 -9999 -9999 -9999 -9999 -9999 -9999 -9999 -9999 -9999 -9999 -9999
0.598956644535065 0.575154006481171 0.760459542274475 0.528763949871063 0.577191710472107 0.611477494239807 0.68603789806366 0.704235434532166 0.705837070941925 0.784538090229034 0.827775120735168 0.819055438041687 0.806305468082428 0.84002685546875 0.593475639820099 0.868228375911713 0.877396881580353 0.731210172176361 0.868464589118958 0.873911798000336 0.881585121154785 0.884236931800842 -9999 0.628152012825012 -9999 -9999 -9999 -9999 -9999 -9999 -9999 -9999 -9999 -9999 -9999 -9999 -9999 -9999 -9999 -9999 -9999 -9999 -9999 -9999 -9999 -9999
0.767325282096863 0.47678154706955 0.516352415084839 0.612445831298828 0.631226122379303 0.765914559364319 0.775809824466705 0.714104056358337 0.722115874290466 0.780240118503571 0.741348266601562 0.814653098583221 0.811939239501953 0.827783703804016 0.895481646060944 0.892214238643646 0.9028400182724 0.849046468734741 0.875142931938171 0.882486820220947 0.881756842136383 0.799984872341156 -9999 -9999 -9999 -9999 -9999 -9999 -9999 -9999 -9999 -9999 -9999 -9999 -9999 -9999 -9999 -9999 -9999 -9999 -9999 -9999 -9999 -9999 -9999 -9999
0.604919910430908 0.507157504558563 0.578124225139618 0.77258563041687 0.678044974803925 0.734417498111725 0.682105898857117 0.768752455711365 0.890038728713989 0.822665750980377 0.901870429515839 0.896986961364746 0.812292098999023 0.752327561378479 0.871146500110626 0.887346744537354 0.884587287902832 0.856555461883545 0.697290122509003 -9999 -9999 0.734177827835083 -9999 -9999 -9999 -9999 -9999 -9999 -9999 -9999 -9999 -9999 -9999 -9999 -9999 -9999 -9999 -9999 -9999 -9999 -9999 -9999 -9999 -9999 -9999 -9999
0.60468852519989 0.489316582679749 0.500394940376282 0.671421945095062 0.727346122264862 0.718762040138245 0.727778792381287 0.727109849452972 0.873072803020477 0.906964540481567 0.889340817928314 0.900557577610016 0.829300701618195 0.810824632644653 0.819201290607452 0.771051287651062 0.890987873077393 0.886566817760468 0.946348190307617 0.902543425559998 -9999 0.856511056423187 -9999 -9999 -9999 -9999 -9999 -9999 -9999 -9999 -9999 -9999 -9999 -9999 -9999 -9999 -9999 -9999 -9999 -9999 -9999 -9999 -9999 -9999 -9999 -9999
0.509129762649536 0.622997164726257 0.514625370502472 0.602780342102051 0.766070544719696 0.692173421382904 0.777432441711426 0.812817692756653 0.749738693237305 0.721894204616547 0.906429409980774 0.776575982570648 0.830055475234985 0.569829881191254 0.583598613739014 0.820253372192383 0.807431519031525 0.894043207168579 0.887187242507935 0.858133852481842 0.706907153129578 -9999 -9999 -9999 -9999 -9999 -9999 -9999 -9999 -9999 -9999 -9999 -9999 -9999 -9999 -9999 -9999 -9999 -9999 -9999 -9999 -9999 -9999 -9999 -9999 -9999
