data/texas.aegypti.asc
NCOLS 156 
NROWS 127 
XLLCORNER -106.642335766423 
YLLCORNER 25.8461538461539 
CELLSIZE 0.083941605839416 
NODATA_value -9999 
[rows 42 to 62 of 127, columns 46 to 91 of 156]
0.529104173183441 0.513906180858612 0.217622324824333 0.233633443713188 0.204544305801392 0.257512450218201 0.158414289355278 0.201174437999725 0.26017239689827 0.263645857572556 0.223325237631798 0.119908891618252 0.0986176133155823 0.0887647196650505 0.118566483259201 0.131578490138054 0.105632767081261 0.0845256149768829 0.131934747099876 0.133138433098793 0.0841678902506828 0.474273055791855 0.327370405197144 0.206349268555641 0.182329311966896 0.254325717687607 0.165829911828041 0.31240314245224 0.294392615556717 0.352414131164551 0.414120256900787 0.247193604707718 0.561369836330414 0.571998417377472 0.562936961650848 0.269969016313553 0.229065790772438 0.369789332151413 0.371744126081467 0.076077975332737 0.0547028444707394 0.198076963424683 0.257149040699005 0.193153545260429 0.428090035915375 0.446268528699875
0.501459956169128 0.502712905406952 0.508379638195038 0.231214553117752 0.14102403819561 0.232103601098061 0.0779280513525009 0.079846553504467 0.125113219022751 0.496060311794281 0.492857187986374 0.247247770428658 0.243975177407265 0.113823555409908 0.245777934789658 0.087217703461647 0.193948835134506 0.236583381891251 0.105373725295067 0.118940375745296 0.154351353645325 0.361154854297638 0.357186079025269 0.499408572912216 0.30018562078476 0.257432073354721 0.164848148822784 0.311032682657242 0.198161438107491 0.561100959777832 0.559553265571594 0.470945566892624 0.52790105342865 0.551194429397583 0.407824575901031 0.477970391511917 0.381212115287781 0.343073844909668 0.341914981603622 0.0566486567258835 0.0554649531841278 0.189572915434837 0.216876849532127 0.216446921229362 0.277885884046555 0.628274619579315
0.271737784147263 0.506597459316254 0.109152935445309 0.239442571997643 0.227843552827835 0.124977685511112 0.136509120464325 0.228069663047791 0.149210423231125 0.265806615352631 0.241181910037994 0.23560830950737 0.151189774274826 0.229879975318909 0.149888128042221 0.128983184695244 0.153247565031052 0.187510535120964 0.169920891523361 0.208994090557098 0.177117690443993 0.103456355631351 0.319542735815048 0.169414430856705 0.175838351249695 0.130199953913689 0.188154458999634 0.288136124610901 0.273188799619675 0.449294745922089 0.517210364341736 0.323538959026337 0.553993165493011 0.554786920547485 0.564740836620331 0.314143985509872 0.32270011305809 0.288678675889969 0.204862236976624 0.0548309087753296 0.0474856123328209 0.212088242173195 0.211670070886612 0.253200650215149 0.188014045357704 0.167743995785713
0.258277386426926 0.273969143629074 0.220859631896019 0.102948278188705 0.232193350791931 0.115356951951981 0.241522133350372 0.198189586400986 0.0862838476896286 0.240610659122467 0.24283005297184 0.129649251699448 0.244322940707207 0.276631444692612 0.152637928724289 0.0895093828439713 0.1119399741292 0.115288816392422 0.244879797101021 0.244723722338676 0.13244067132473 0.176711872220039 0.174675300717354 0.299749135971069 0.17888268828392 0.147076815366745 0.234589353203773 0.159989699721336 0.227992817759514 0.463794887065887 0.325251907110214 0.518579959869385 0.553184926509857 0.558590114116669 0.556731879711151 0.724863469600677 0.741891503334045 0.716229498386383 0.383464962244034 0.050960011780262 0.0545423328876495 0.26196613907814 0.312154293060303 0.21405054628849 0.219184100627899 0.180850997567177
0.228596314787865 0.230060145258904 0.0835929438471794 0.0936035588383675 0.240638881921768 0.101203314960003 0.103115059435368 0.156349822878838 0.130106925964355 0.104126997292042 0.144537806510925 0.150075882673264 0.0997743830084801 0.157370314002037 0.168664574623108 0.125596642494202 0.114931397140026 0.163366630673409 0.201297640800476 0.143119990825653 0.16202275454998 0.160707652568817 0.234832674264908 0.132252916693687 0.301102727651596 0.193873971700668 0.432253509759903 0.503387808799744 0.47346493601799 0.356976687908173 0.331149339675903 0.192157730460167 0.377887725830078 0.500441670417786 0.737505853176117 0.718939125537872 0.723690152168274 0.428188234567642 0.264327794313431 0.0633770823478699 0.0671891048550606 0.158185735344887 0.182630926370621 0.123427055776119 0.079646922647953 0.136607527732849
0.0831596255302429 0.283372521400452 0.0848377794027328 0.0864888355135918 0.100153669714928 0.085869699716568 0.101692087948322 0.0924098119139671 0.0884127542376518 0.147108972072601 0.253617078065872 0.126100242137909 0.1315907984972 0.0951809138059616 0.156003534793854 0.162674307823181 0.249447003006935 0.122418701648712 0.0749552026391029 0.143509522080421 0.174580037593842 0.178991571068764 0.438728809356689 0.45444044470787 0.298295438289642 0.256748706102371 0.309447795152664 0.291168510913849 0.161928251385689 0.252173721790314 0.17857326567173 0.366424173116684 0.386282682418823 0.557954370975494 0.509536921977997 0.589846730232239 0.684084475040436 0.277989774942398 0.195153594017029 0.226729288697243 0.218974456191063 0.511775732040405 0.288484513759613 0.0603051632642746 0.065794013440609 0.0564817860722542
0.0825413316488266 0.349567711353302 0.491875410079956 0.417137086391449 0.262756258249283 0.112180113792419 0.114278048276901 0.112247198820114 0.259009599685669 0.237384587526321 0.0896801203489304 0.084377184510231 0.225565627217293 0.177237942814827 0.148734465241432 0.479387760162354 0.481593579053879 0.547400295734406 0.367419093847275 0.214461758732796 0.165355890989304 0.36112117767334 0.721028804779053 0.289944469928741 0.288370043039322 0.263643175363541 0.159725427627563 0.15517096221447 0.166788622736931 0.306469172239304 0.308105021715164 0.315835952758789 0.322831481695175 0.137020587921143 0.308653801679611 0.482564300298691 0.465308427810669 0.22975018620491 0.244353011250496 0.234954282641411 0.117731377482414 0.080831490457058 0.196433037519455 0.0656001940369606 0.138732492923737 0.0779398381710052
0.100737795233727 0.0990849211812019 0.0869658887386322 0.108765602111816 0.0953685492277145 0.0957592651247978 0.106571160256863 0.137013718485832 0.2336815148592 0.290076404809952 0.154095202684402 0.129534527659416 0.171899512410164 0.221754312515259 0.426134288311005 0.455919861793518 0.455871164798737 0.55038195848465 0.156367287039757 0.181749060750008 0.157695353031158 0.405610203742981 0.380794048309326 0.136827141046524 0.167855277657509 0.161391869187355 0.299247652292252 0.184627279639244 0.1733717918396 0.127446681261063 0.180680572986603 0.110721692442894 0.238995954394341 0.169396996498108 0.314660906791687 0.265234917402267 0.28201025724411 0.121330298483372 0.12125288695097 0.0973897501826286 0.072777546942234 0.157968625426292 0.0632046833634377 0.140035465359688 0.140160262584686 0.111893720924854
0.0932907462120056 0.0958449095487595 0.096722885966301 0.111765161156654 0.115868777036667 0.0983945280313492 0.0979921221733093 0.0979255214333534 0.092268593609333 0.235965505242348 0.16981765627861 0.255291968584061 0.156660795211792 0.238624647259712 0.253990262746811 0.356153428554535 0.347855299711227 0.129271775484085 0.210825353860855 0.117208786308765 0.107201777398586 0.156925886869431 0.20309117436409 0.247190728783607 0.243381813168526 0.105795077979565 0.157224699854851 0.145146802067757 0.135955795645714 0.158499270677567 0.138476088643074 0.154378429055214 0.261256903409958 0.337796062231064 0.20484733581543 0.270294159650803 0.168220430612564 0.17104797065258 0.136162385344505 0.199911937117577 0.219503730535507 0.166341915726662 0.211639165878296 0.0638319849967957 0.0647183060646057 0.142998054623604
0.0970745757222176 0.101167649030685 0.107106640934944 0.112288720905781 0.11549236625433 0.504037320613861 0.307122528553009 0.517228603363037 0.506418228149414 0.408568114042282 0.335995078086853 0.100433513522148 0.259410798549652 0.227062776684761 0.260486572980881 0.140685647726059 0.164425551891327 0.093897856771946 0.1103420779109 0.128642380237579 0.106942787766457 0.154823869466782 0.18748214840889 0.240777924656868 0.288284003734589 0.119432121515274 0.113840043544769 0.159331321716309 0.239891201257706 0.486198633909225 0.192917138338089 0.281923085451126 0.129092201590538 0.19662681221962 0.344262719154358 0.281680673360825 0.161338478326797 0.150927037000656 0.27315554022789 0.40932959318161 0.142441377043724 0.154399022459984 0.203523322939873 0.0772338360548019 0.157205417752266 0.147874891757965
0.106447607278824 0.0951111018657684 0.10758251696825 0.311697155237198 0.314098566770554 0.275768280029297 0.349404573440552 0.468396753072739 0.457259714603424 0.484438270330429 0.364932328462601 0.114803142845631 0.14607098698616 0.153683677315712 0.101266480982304 0.118210822343826 0.0795846655964851 0.0800008252263069 0.157365560531616 0.105251953005791 0.187299281358719 0.186317667365074 0.170825317502022 0.290049195289612 0.17193304002285 0.295262575149536 0.287539482116699 0.241641655564308 0.332665711641312 0.287681460380554 0.547791004180908 0.477580517530441 0.332717090845108 0.544331431388855 0.56134170293808 0.0960617288947105 0.124531127512455 0.294124931097031 0.162640050053596 0.165430054068565 0.260429263114929 0.44241189956665 0.446507275104523 0.345869243144989 0.234078705310822 0.0769175365567207
0.104310683906078 0.103862002491951 0.339236855506897 0.412583827972412 0.54780501127243 0.395963370800018 0.481009602546692 0.269124835729599 0.353806018829346 0.351738929748535 0.0928536579012871 0.227015495300293 0.098986379802227 0.0993129462003708 0.0871564671397209 0.08880665153265 0.238227397203445 0.0786061137914658 0.105680733919144 0.199818968772888 0.1947962641716 0.11501794308424 0.112816013395786 0.12600065767765 0.14643269777298 0.340517342090607 0.515892565250397 0.274503290653229 0.3359095454216 0.412282288074493 0.342095732688904 0.412692070007324 0.272145837545395 0.318810224533081 0.537419438362122 0.124346531927586 0.265938848257065 0.16043084859848 0.290649384260178 0.166831731796265 0.262724488973618 0.445802003145218 0.203717812895775 0.293003708124161 0.256832718849182 0.0508775562047958
0.108578689396381 0.107701420783997 0.341230899095535 0.48425754904747 0.585816264152527 0.622744917869568 0.472682654857635 0.126458302140236 0.184042513370514 0.0894310772418976 0.0908561274409294 0.100956730544567 0.119769290089607 0.0951873287558556 0.133849158883095 0.146241456270218 0.104768075048923 0.255609303712845 0.134248033165932 0.146080002188683 0.166701197624207 0.27471849322319 0.110913194715977 0.114928133785725 0.194449901580811 0.243844047188759 0.172039806842804 0.106974989175797 0.149824157357216 0.490400940179825 0.485410064458847 0.558339655399323 0.347054421901703 0.227238431572914 0.224483624100685 0.214442893862724 0.236891075968742 0.284015446901321 0.306779533624649 0.735943377017975 0.646265685558319 0.202249094843864 0.345017343759537 0.432457447052002 0.666571974754333 0.398470669984818
0.120944224298 0.106309741735458 0.572970271110535 0.117107659578323 0.119232550263405 0.14405645430088 0.138340771198273 0.136457964777946 0.12442821264267 0.0961549431085587 0.0942326262593269 0.104515105485916 0.100590929389 0.135058969259262 0.137990549206734 0.107703983783722 0.0844762995839119 0.0954794064164162 0.0980988591909409 0.191986918449402 0.24482250213623 0.105815932154655 0.104162871837616 0.182794079184532 0.111999854445457 0.240965366363525 0.166419491171837 0.182292580604553 0.123484089970589 0.340200901031494 0.219279214739799 0.279540508985519 0.563316583633423 0.267656028270721 0.319819301366806 0.305277973413467 0.211353614926338 0.107732474803925 0.25798436999321 0.373934268951416 0.464513152837753 0.463820219039917 0.17956554889679 0.202336430549622 0.455810934305191 0.613544583320618
0.166538923978806 0.162705525755882 0.161395162343979 0.190842032432556 0.260680764913559 0.175530061125755 0.197088032960892 0.0855382457375526 0.0855023115873337 0.110209740698338 0.108915470540524 0.259887784719467 0.102206908166409 0.168656498193741 0.141031846404076 0.255776017904282 0.0949854329228401 0.0920415073633194 0.0958183035254478 0.0915490090847015 0.118831716477871 0.121869005262852 0.176539957523346 0.0988872274756432 0.220431640744209 0.322511672973633 0.429905831813812 0.260109275579453 0.235746800899506 0.65190178155899 0.662808120250702 0.630110263824463 0.4353286921978 0.686506152153015 0.455146789550781 0.319471031427383 0.506862103939056 0.439284026622772 0.233308896422386 0.192008838057518 0.197316497564316 0.283968657255173 0.470958292484283 0.173397108912468 0.206090033054352 0.626636445522308
0.180962413549423 0.159855037927628 0.177315339446068 0.175953507423401 0.179943650960922 0.177524715662003 0.17778180539608 0.085268646478653 0.0921933725476265 0.10225497931242 0.156886622309685 0.101045913994312 0.122072719037533 0.124656580388546 0.143102020025253 0.0924676954746246 0.0955306068062782 0.150132611393929 0.151043608784676 0.192888930439949 0.10108183324337 0.183007270097733 0.172274962067604 0.141003653407097 0.0877259969711304 0.217352256178856 0.675253987312317 0.578209638595581 0.655473947525024 0.328539192676544 0.67624694108963 0.675930440425873 0.668528020381927 0.65421462059021 0.440060526132584 0.329036444425583 0.717697978019714 0.557545125484467 0.289061665534973 0.267264723777771 0.437015563249588 0.391659319400787 0.442000448703766 0.175411224365234 0.423083364963531 0.274174183607101
0.22582682967186 0.496060252189636 0.198952123522758 0.240268126130104 0.240494415163994 0.242151483893394 0.244182124733925 0.19510143995285 0.170620277523994 0.253575593233109 0.196268513798714 0.0972665324807167 0.0935949236154556 0.102665513753891 0.11031810939312 0.124829523265362 0.110697574913502 0.103611454367638 0.131754204630852 0.188755124807358 0.0971981883049011 0.126668438315392 0.140495344996452 0.196289479732513 0.21019059419632 0.172639131546021 0.4146548807621 0.7876216173172 0.735672950744629 0.786371827125549 0.58827418088913 0.642028272151947 0.656688809394836 0.648152351379395 0.316424340009689 0.47476190328598 0.438415437936783 0.420711368322372 0.585370182991028 0.302097290754318 0.651195824146271 0.437195420265198 0.213098436594009 0.484476059675217 0.20816758275032 0.464746475219727
0.245713695883751 0.201431557536125 0.19868078827858 0.238053724169731 0.320887684822083 0.267827183008194 0.263917148113251 0.172267228364944 0.178092777729034 0.178680747747421 0.172408238053322 0.137158364057541 0.136889263987541 0.127924472093582 0.154930725693703 0.150006145238876 0.147456750273705 0.13421805202961 0.106338433921337 0.133545324206352 0.102203041315079 0.147096753120422 0.165429651737213 0.290133595466614 0.174159675836563 0.25241482257843 0.706661701202393 0.6490159034729 0.770829677581787 0.770630359649658 0.276784539222717 0.570302486419678 0.655656278133392 0.650831580162048 0.406924992799759 0.35617858171463 0.474852681159973 0.650038421154022 0.673701524734497 0.480189502239227 0.479431807994843 0.303590625524521 0.200623422861099 0.478940457105637 0.205711647868156 0.623731374740601
0.297376722097397 0.207352623343468 0.522247970104218 0.23965023458004 0.241437584161758 0.243593946099281 0.245375871658325 0.242462500929832 0.332962542772293 0.254047453403473 0.178283631801605 0.0866377353668213 0.0884520709514618 0.0959664583206177 0.100283935666084 0.0995945408940315 0.1083063185215 0.101959355175495 0.107038117945194 0.0920907855033875 0.0815390646457672 0.0968104973435402 0.0626758858561516 0.425841927528381 0.216125279664993 0.3504498898983 0.384692549705505 0.736240446567535 0.777332007884979 0.412783980369568 0.400954812765121 0.514857590198517 0.496853232383728 0.338152855634689 0.269061267375946 0.229422703385353 0.190505519509315 0.288793474435806 0.465668380260468 0.27146503329277 0.122053310275078 0.111396715044975 0.178154811263084 0.178449764847755 0.206853419542313 0.432444959878922
0.249959707260132 0.214124485850334 0.208794772624969 0.222711265087128 0.239489495754242 0.23931322991848 0.243054881691933 0.330756485462189 0.238961488008499 0.24925471842289 0.239631727337837 0.0873695462942123 0.0833892300724983 0.206464529037476 0.10125970095396 0.100889161229134 0.133364841341972 0.0922989025712013 0.0919461399316788 0.0783154666423798 0.0809620916843414 0.0626509487628937 0.0665118619799614 0.409501791000366 0.246179521083832 0.413942515850067 0.202123075723648 0.551948368549347 0.55377185344696 0.17711278796196 0.146653980016708 0.426718682050705 0.374329417943954 0.289726495742798 0.199356198310852 0.492413371801376 0.470265865325928 0.443108201026917 0.353198826313019 0.120003424584866 0.230436086654663 0.239436194300652 0.23178443312645 0.349999576807022 0.197723388671875 0.197787299752235
0.235664546489716 0.215252175927162 0.224877133965492 0.316683053970337 0.528687000274658 0.236938819289207 0.263196140527725 0.224090382456779 0.237057596445084 0.174108758568764 0.224593475461006 0.106158867478371 0.107372112572193 0.129762783646584 0.0993643552064896 0.126757562160492 0.10552566498518 0.0922916755080223 0.115478880703449 0.0884034037590027 0.086466483771801 0.0772973522543907 0.11196880787611 0.111690945923328 0.113581530749798 0.266283869743347 0.206856772303581 0.452409595251083 0.171830654144287 0.0928480848670006 0.105520330369473 0.184780359268188 0.0827674940228462 0.14356917142868 0.139495775103569 0.155081644654274 0.16748271882534 0.282670676708221 0.149149745702744 0.141226261854172 0.482088416814804 0.331822216510773 0.165013700723648 0.210577070713043 0.172378823161125 0.103902161121368
